,sig_xx,sig_yy,sig_zz,sig_xy,sig_xz,sig_yz,eps_xx,eps_yy,eps_zz,eps_xy,eps_xz,eps_yz,Azimuth,Elevation
0,-9.561390006907139e-17,-3.4498350490321293e-16,-2.670058404160705e-16,2.7580754787211307e-16,4.5186919604275076e-17,-3.5866417338840964e-17,-1.1102230246251565e-16,0.0,0.0,1.471535642955822e-16,-1.116958291290872e-17,-2.7529975324601373e-31,0.05265844197790389,-0.32058079257828753
1,-3.3866671646782362e-15,-4.9885510184457744e-15,-2.8256849132475495e-15,2.5462393097965286e-15,1.0693486328197523e-15,-2.050237618254626e-15,0.0,0.0,0.0,4.58502757552249e-16,-1.06932961878257e-17,0.0,0.05265844197790389,-0.3205807925782875
2,-1.9799194131747133e-15,-1.0287419539535096e-15,-1.4974158533739413e-15,7.938852639002561e-16,-1.7204784260405662e-16,-3.6460125917221884e-16,-3.3306690738754696e-16,4.440892098500626e-16,0.0,3.1874094232704467e-16,-1.2966146422294413e-16,-1.5032660223350143e-16,0.0526584419779039,-0.3205807925782874
3,-2.890535804776291e-16,8.355292297124031e-16,2.7293092242769844e-16,3.538407734629624e-16,-5.946733500784725e-16,-2.754293961343648e-16,0.0,2.220446049250313e-16,2.220446049250313e-16,-3.3966561748533147e-18,-2.3427734706534673e-16,-1.1623367267782568e-17,0.052658441977903904,-0.3205807925782875
4,-1.7731208602857808e-15,7.525175049005466e-17,-6.801376117986169e-16,2.34761765762365e-16,-2.5581121954463644e-16,-4.2710605482127925e-16,-3.3306690738754696e-16,4.440892098500626e-16,0.0,1.1278756500270123e-16,-1.6719763999709545e-16,-9.719548170993259e-17,0.052658441977903904,-0.32058079257828753
5,-1.8280209587888085e-15,-1.9878917898478872e-16,-5.441600285769762e-16,1.8609255253195238e-16,5.1516536384781315e-17,-1.152224165283473e-16,-3.3306690738754696e-16,4.440892098500626e-16,2.220446049250313e-16,1.0715002391592593e-16,-3.842225359575704e-18,-7.398538862893179e-17,0.05265844197790389,-0.3205807925782875
6,-2.478206212901826e-15,-1.3283370737714919e-15,-1.803981784081736e-15,7.275218920524145e-16,-1.5443197964754086e-16,-1.4001554973458742e-16,-2.220446049250313e-16,0.0,0.0,4.503089825898151e-16,-9.960879736622807e-17,0.0,0.0526584419779039,-0.3205807925782875
7,-7.501781233041217e-16,-3.1574931682084793e-16,-2.465077948243617e-16,3.0425657732138154e-16,-1.4796259492043452e-16,-4.7635564876206566e-17,-3.3306690738754696e-16,0.0,0.0,1.3844890055975895e-16,-1.0724726229532596e-16,-9.206103097705408e-18,0.0526584419779039,-0.3205807925782875
8,-9.248564426007573e-16,-1.1715068420923667e-15,-8.659563345004382e-16,5.288516082926553e-16,-1.100371831512729e-16,3.775364821294651e-17,0.0,0.0,0.0,2.1099198744385922e-16,-5.427355925020136e-17,0.0,0.052658441977903876,-0.3205807925782874
9,-1.3258818317556502e-15,-1.6237400828221927e-15,-1.4646644859813891e-15,6.193710282181915e-16,-1.7211509659601874e-16,3.278220462471117e-16,0.0,0.0,0.0,2.8333638694109545e-16,-3.2155067316089956e-17,-4.532868717109798e-30,0.05265844197790391,-0.32058079257828753
10,-2.966939844306153e-15,-1.3923037466047508e-15,-2.4528173704602735e-15,9.373735825509766e-16,-5.293696593965092e-16,-3.1794891043048235e-16,-2.220446049250313e-16,0.0,0.0,6.919922557815743e-16,-3.370011193361792e-16,0.0,0.0526584419779039,-0.3205807925782874
11,-8.290001903847132e-16,7.74935620270681e-16,-7.807409809582327e-17,-2.238737281219839e-16,-1.1108480190781128e-16,-2.708282874152354e-17,-2.220446049250313e-16,4.440892098500626e-16,2.220446049250313e-16,-1.07587877258077e-16,-7.372523165376247e-17,5.151916326359104e-17,0.05265844197790391,-0.32058079257828753
12,-1.1398647233245175e-15,-2.0372248953012383e-15,-9.82788917662133e-16,6.472541667126239e-16,-2.992438370932738e-16,-1.659014681928385e-17,-1.1102230246251565e-16,0.0,0.0,1.9547960655326404e-16,-1.8454870306658749e-16,-6.739326667859298e-31,0.0526584419779039,-0.3205807925782874
13,-1.6567836548143434e-15,-6.132460597019191e-16,-4.0625263688038167e-16,2.697756910012397e-16,-4.2291037271273215e-16,2.0965248926179305e-16,-3.3306690738754696e-16,2.220446049250313e-16,2.220446049250313e-16,8.343900698863011e-17,-2.1022034956986036e-16,2.0127190441205578e-17,0.0526584419779039,-0.32058079257828737
14,-1.3321300289566313e-15,-1.5128759661795204e-15,-1.3738089164294293e-15,5.674623321141008e-16,-3.64968784066304e-16,1.7867581075291172e-16,0.0,0.0,0.0,2.3515500857269806e-16,-1.409631193270396e-16,0.0,0.052658441977903904,-0.32058079257828753
15,-1.6024237412090258e-15,-1.0438869258952415e-16,-6.272393560832531e-16,1.793612618034906e-16,-1.8111810484384545e-16,-1.9979527759832313e-16,-3.3306690738754696e-16,4.440892098500626e-16,2.220446049250313e-16,5.889809887199898e-17,-1.2182111708195085e-16,-6.910832720670787e-17,0.05077508917190701,-0.31249593250556335
16,-2.236538782683418e-15,-1.779113173467112e-15,-1.943172177827109e-15,1.2428702907069097e-15,-7.888272531594854e-16,1.5443885837466024e-16,-1.1102230246251565e-16,0.0,0.0,4.702284365288477e-16,-2.7128797885058024e-16,0.0,0.05265844197790389,-0.3205807925782875
17,-2.2479591001707187e-15,-4.602336505070541e-16,-1.3854353347366695e-15,1.1367259786439618e-16,-3.9053439867674347e-16,-2.8621191021542926e-16,-3.3306690738754696e-16,4.440892098500626e-16,0.0,1.0022816150534821e-16,-2.4354802608597915e-16,-2.7532953382162266e-17,0.0526584419779039,-0.3205807925782876
18,-2.773376636252644e-15,-1.4886794981877266e-15,-1.9546698346994167e-15,1.0780570808866108e-15,-4.1913190091555273e-16,-1.3987472390406954e-16,-3.3306690738754696e-16,0.0,0.0,6.364654866599653e-16,-2.3967917236138327e-16,0.0,0.043315493901500746,-0.2804733694635488
19,-6.746582912855118e-16,3.081697295045522e-16,3.6243465580220267e-16,4.0703134219053794e-16,-3.7172594902047503e-16,-4.155660107234438e-17,-3.3306690738754696e-16,2.220446049250313e-16,2.220446049250313e-16,1.026601889721366e-16,-1.813585091289681e-16,-5.517027099231722e-18,0.04696798547967396,-0.29615279141375717
20,-2.009667385756733e-15,-1.0019071934785096e-15,-1.156640228505248e-15,7.091750019645866e-16,1.7762510143248644e-16,-8.829086586650129e-16,-3.3306690738754696e-16,4.440892098500626e-16,2.220446049250313e-16,1.3112122185847028e-16,-1.5567460779170517e-16,-1.98371142724752e-17,0.05265844197790389,-0.3205807925782874
21,-4.588906040935489e-16,-3.9878739385032466e-16,-3.37177108139301e-16,3.492063275748598e-16,-1.6452291243332748e-16,-1.3510932794477803e-16,-2.220446049250313e-16,0.0,2.220446049250313e-16,1.0119159472775094e-16,-5.578613238043633e-17,-4.315123712724844e-17,0.05265844197790388,-0.3205807925782874
22,-3.189302138147757e-16,4.498125535113157e-16,3.69058671277445e-16,-1.0316438663790329e-16,-1.8969420114075015e-16,-2.047556810252533e-16,-2.220446049250313e-16,2.220446049250313e-16,2.220446049250313e-16,-5.287083792178883e-18,-1.2236402811641393e-16,-4.1078839947562314e-17,0.048179263561001114,-0.31544458197182407
23,-1.0541595636468164e-15,5.09791944541889e-16,6.434402439348869e-16,2.4331961310775663e-16,-9.808751598356441e-16,-3.2270308314045086e-16,-3.3306690738754696e-16,2.220446049250313e-16,2.220446049250313e-16,3.92409821349115e-17,-5.201359312425549e-16,-1.3058263896816852e-16,0.05265844197790388,-0.3205807925782874
24,-1.698856131245661e-15,-3.0922351376969754e-16,-6.627506544590802e-16,4.477525548552959e-16,-3.790615543668431e-16,-2.458295310601571e-16,-5.551115123125783e-16,4.440892098500626e-16,2.220446049250313e-16,1.486995747555085e-16,-1.8603028177535855e-16,-8.261306792912393e-17,0.0526584419779039,-0.3205807925782874
25,-4.03576321894712e-16,2.1817557354981312e-16,2.5561772766786183e-16,1.1418603301804758e-17,-4.3106691535603727e-16,-7.513528794827382e-18,-2.220446049250313e-16,2.220446049250313e-16,2.220446049250313e-16,-4.518309081750172e-18,-2.362808855970623e-16,-3.3524398069834276e-17,0.04139112551593662,-0.3076607199819491
26,-8.508319571104519e-16,5.33999849060258e-16,4.320504167718043e-16,-8.406569167530224e-17,-2.593991121040467e-16,-1.3578213604128034e-16,-4.440892098500626e-16,2.220446049250313e-16,2.220446049250313e-16,-4.616821752900785e-17,-1.5503943240198298e-16,-7.917009089468312e-17,0.05265844197790389,-0.32058079257828753
27,-9.234494525614613e-16,-3.9958517422902393e-16,1.2776569712967e-16,-6.75647398784272e-17,-2.150966536418349e-16,1.645427209553362e-16,-3.3306690738754696e-16,2.220446049250313e-16,2.220446049250313e-16,-1.1049162366123587e-16,-1.7708492717048108e-16,-1.9327640123412455e-17,0.05265844197790388,-0.3205807925782875
28,-2.077083324600101e-15,-2.360700064486167e-16,-1.0151290410678893e-15,2.91771914416152e-16,-1.936182959363161e-16,-3.6482175912110167e-16,-4.440892098500626e-16,4.440892098500626e-16,0.0,1.2330275676754704e-16,-1.2988420604650192e-16,-5.4304419198035815e-17,0.05265844197790389,-0.3205807925782875
29,-9.943448958418128e-16,2.788952488929205e-16,-2.6138449020209896e-16,-1.9851628644684204e-16,-2.475150312762044e-16,-1.6885971916840147e-16,-3.3306690738754696e-16,2.220446049250313e-16,0.0,-1.1179377310129276e-16,-1.2849383524639626e-16,-1.3754108423458119e-17,0.04251619657191312,-0.30895082306623917
30,-1.125516952876183e-15,-9.576692396929607e-17,-4.99864608765258e-16,2.580185568264726e-16,-3.46534220294993e-16,-3.46727539292371e-16,-3.3306690738754696e-16,2.220446049250313e-16,0.0,1.0099414611480171e-16,-1.9119603180017916e-16,-8.504035343615025e-19,0.052658441977903904,-0.32058079257828753
31,-1.971332111075085e-15,-6.297408326042401e-18,-5.302145815136814e-18,2.4035560026569933e-16,-1.8925337543527467e-16,-1.6599433846727614e-17,-4.440892098500626e-16,2.220446049250313e-16,2.220446049250313e-16,1.196780508197842e-17,-8.593066785000875e-17,-4.2989195061170943e-17,0.05265844197790389,-0.3205807925782874
32,-1.3951476442893014e-15,9.769051930369743e-16,1.83257504407475e-16,-2.582950129361446e-16,-2.355539300099143e-16,-1.0672687601252716e-16,-4.440892098500626e-16,4.440892098500626e-16,2.220446049250313e-16,-3.5916889410922944e-17,-1.510784226476202e-16,2.6736568050969308e-17,0.0526584419779039,-0.3205807925782875
33,-1.2365231862154892e-15,-2.5569664159990415e-15,-1.0359175454036468e-15,9.395541554067072e-16,-5.942254681783845e-16,4.375831586933266e-17,0.0,0.0,0.0,1.5198139046339443e-16,-2.865145081572506e-16,-5.563782024453182e-18,0.052658441977903904,-0.32058079257828753
34,-1.6302881043764517e-15,-5.985274903367636e-16,-5.459046215758073e-16,4.768765880727468e-16,-3.7988741146233376e-16,-3.12973641400204e-16,-3.3306690738754696e-16,2.220446049250313e-16,0.0,7.343164896768485e-17,-2.439195997537528e-16,-3.5709058951068684e-17,0.0,0.0
35,-2.839836110454832e-15,-2.5894183092388424e-15,-1.8131865031589063e-15,1.7414483464000493e-15,-7.0338229055319895e-16,8.040077861584685e-17,-1.1102230246251565e-16,0.0,0.0,4.840018347391396e-16,-3.1654899828262996e-16,0.0,0.0526584419779039,-0.3205807925782874
36,-1.628000694574978e-15,-2.4720806883865243e-15,-1.0993849987537733e-15,7.790746528904232e-16,-4.583261343421435e-16,2.17313763154665e-16,-1.1102230246251565e-16,0.0,0.0,1.726606794200695e-16,-2.0932999272673333e-16,0.0,0.05265844197790389,-0.3205807925782875
37,-3.2495952958181874e-15,-6.007082016200895e-16,-9.715429544835405e-16,1.4366129223954568e-15,-1.3148817927133426e-15,7.637914009149401e-16,-1.2212453270876722e-15,6.661338147750939e-16,4.440892098500626e-16,3.140754035003222e-16,-3.499790833972251e-16,1.2325678223483995e-16,0.050654729674034504,-0.3182831639889464
38,-2.3194698426776714e-15,-7.552127285509178e-16,-4.107189729547137e-16,7.385610470765099e-16,-6.364130815708567e-16,3.2562320254212406e-16,-7.771561172376096e-16,6.661338147750939e-16,2.220446049250313e-16,5.615955827286944e-17,-2.2133543192069548e-16,-1.7364937584480863e-17,0.05265844197790388,-0.3205807925782874
39,-2.9528101457498868e-15,-1.365730126720234e-15,-2.0048265748785514e-15,1.1501827242265542e-15,-6.32061803271814e-16,-1.949417594852645e-16,-5.551115123125783e-16,0.0,0.0,7.260887669287352e-16,-3.611304224193094e-16,0.0,0.044583066553312706,-0.311320873672079
40,-2.622843966830777e-15,-2.1235830638912228e-15,-1.3942453003278094e-15,1.4975461495563351e-15,-1.1710688185255828e-15,1.6941760148955175e-16,-2.220446049250313e-16,0.0,0.0,2.693317679878696e-16,-4.51234285086503e-16,0.0,0.052658441977903904,-0.32058079257828753
41,-7.322185171961376e-16,-1.3289775194137582e-15,-4.1175043322471434e-16,1.9960710573820512e-16,1.0146805882560844e-16,2.2336285501584942e-17,-1.1102230246251565e-16,0.0,2.220446049250313e-16,5.3955389415951246e-17,6.0304223961147e-17,-5.26390797587495e-17,0.04942043959022649,-0.3131366669455869
42,-2.0917247680196455e-15,-2.8392579904689517e-15,-1.398389180515173e-15,1.440759959572225e-15,5.833862681286936e-16,-9.912919752841244e-16,0.0,0.0,0.0,2.7326600039789797e-16,2.7322385469549832e-17,-7.971620816598114e-31,0.0526584419779039,-0.3205807925782874
43,-4.100554950573232e-16,-6.082439086317621e-16,-3.8178907219926597e-16,2.6224791228296346e-16,3.1805696174727426e-17,2.4921439176462944e-17,-1.1102230246251565e-16,0.0,0.0,1.1792259207927953e-16,2.7888818953815477e-18,0.0,0.04656039708218575,-0.30195164043613393
44,-9.937406168287063e-16,-5.183693431829954e-16,-1.0249161808282434e-16,2.535212237016405e-16,-1.4358511445397193e-16,1.0689689182433918e-16,-3.3306690738754696e-16,0.0,2.220446049250313e-16,9.81787513995003e-17,-7.612812875518004e-17,-2.892559805151607e-17,0.0475490932136371,-0.2986473716651632
45,-7.892133889573885e-16,8.239631829200128e-16,5.065873472899649e-16,1.9205660687588185e-16,-4.7729048733327565e-16,-3.3539183441029815e-16,-4.440892098500626e-16,2.220446049250313e-16,2.220446049250313e-16,7.026645962213747e-17,-2.165104444113352e-16,-5.610502771541249e-17,0.04258845105665638,-0.2844127463075729
46,-7.165682723981155e-16,-7.827154675923346e-16,-7.253803393939394e-16,3.118805723224795e-16,-1.852478023168074e-16,5.898945999756274e-17,-1.1102230246251565e-16,0.0,0.0,1.7131658542442355e-16,-9.785914298974834e-17,0.0,0.03937708287096147,-0.31345277949520367
47,-3.6052321428107452e-16,-1.7260291983642708e-16,-2.0947438979872633e-16,-1.7126429829570978e-16,-2.9745443668082906e-16,1.6380054679235444e-16,-1.1102230246251565e-16,2.220446049250313e-16,2.220446049250313e-16,-5.91852535358818e-17,-1.8381035235026906e-16,-1.978265611452101e-17,0.026671472315002432,-0.2663116765915665
48,-1.5392875688445655e-15,5.327548580203938e-16,2.8221399564398564e-16,-2.8834591229946736e-16,-3.6614915031189046e-16,-6.45062609448096e-17,-4.440892098500626e-16,2.220446049250313e-16,2.220446049250313e-16,-8.561579811047647e-17,-2.4872697399483275e-16,-4.766948117931544e-17,0.011582090741807197,-0.2985354004871124
49,-1.3683324907289854e-15,-3.6783697811398087e-16,-6.81859532064584e-16,4.2824664392328106e-16,-4.452870597124321e-16,-3.0210504817888787e-16,-2.220446049250313e-16,2.220446049250313e-16,0.0,6.160598133150594e-17,-2.427628257922027e-16,-5.383632790037856e-17,0.03606982373901584,-0.25390210799577
50,-1.956537559322276e-15,-3.848323754974746e-17,3.748132871049535e-17,7.978497397729263e-17,-3.672243567928164e-17,5.251600124800156e-17,-4.440892098500626e-16,2.220446049250313e-16,2.220446049250313e-16,-5.1797668222519527e-17,-7.086243403967994e-17,-4.1097819287851186e-18,0.0393977968053439,-0.2636554728225737
51,-2.0161717701841066e-15,-1.6872423692063173e-15,-3.84058448706273e-16,8.118695406867452e-16,-5.77167716534285e-16,2.3107165643857495e-16,-4.440892098500626e-16,2.220446049250313e-16,2.220446049250313e-16,1.4014469886537624e-16,-2.2914339494107805e-16,1.5382102646133685e-17,0.03212842291017832,-0.23244949241805832
52,-2.66819552669765e-15,-1.3313787352944449e-15,-3.936425741894559e-16,9.000854887105022e-16,-7.122669727682228e-16,7.859749858767973e-16,-9.992007221626409e-16,4.440892098500626e-16,4.440892098500626e-16,1.3849947288009712e-16,-1.4968964938240803e-16,2.1098857906886116e-17,0.033515804888548044,-0.24486172976668039
53,-1.3104885014545272e-15,-3.7570246685210427e-16,2.3943565577507294e-17,1.2551821216940564e-16,-2.3620664731928874e-16,1.5061963320764362e-16,-4.440892098500626e-16,2.220446049250313e-16,2.220446049250313e-16,-5.818857176846431e-17,-1.3447365760473369e-16,-2.744060410190344e-17,0.031186786762732278,-0.23292148682506583
54,-1.2263381672476488e-15,-3.0972194920697674e-17,-7.003252376626062e-16,-4.83584320776274e-17,3.3382994145879926e-16,-7.455494894548896e-17,-4.440892098500626e-16,0.0,0.0,1.5694050986805912e-16,2.157776938244763e-16,0.0,0.024042728691982453,-0.204367956850951
55,-9.576131716015318e-16,-8.905288869066382e-17,-4.858815909019634e-16,7.035650213734793e-17,3.4738611233827505e-16,-7.777909733050507e-17,-2.220446049250313e-16,0.0,0.0,8.802709991639885e-17,1.6989416888355085e-16,0.0,0.052658441977903904,-0.3205807925782875
56,-1.6963250323699216e-15,-4.250592483547643e-16,-1.8973271565786733e-15,2.257909755839687e-16,-1.3408493266964077e-16,3.5765579858850883e-16,-2.220446049250313e-16,0.0,0.0,4.488394351596945e-16,7.653165032044204e-17,1.1463135028992828e-30,0.043573784270954,-0.31016354393857154
57,-1.2368324621513795e-15,3.909365005154416e-16,-6.341379075985519e-17,4.4056763345451135e-17,-9.436251061175124e-17,-3.0065479037268056e-16,-4.440892098500626e-16,4.440892098500626e-16,2.220446049250313e-16,1.0934979421303002e-16,-4.807358059500377e-17,1.0605812969957212e-18,0.04234754476084862,-0.3087574324172933
58,-4.210440594282226e-15,-3.373163258628533e-15,-2.3049291421777416e-15,8.476026633812341e-16,-1.5757610217490415e-15,-3.3461704053704994e-16,-4.440892098500626e-16,0.0,0.0,-3.836520013467605e-17,-7.755280983605593e-16,0.0,0.042846572806557584,-0.30932966082677593
59,-2.7128843088352497e-15,-3.437110840338737e-15,-1.0744830736006488e-15,9.458334615374014e-16,-6.349926576228416e-16,2.3942495442706033e-16,-5.551115123125783e-16,4.440892098500626e-16,4.440892098500626e-16,5.924096251806375e-17,-3.0224661642358707e-16,7.99909459741807e-17,0.04123698873705346,-0.30748397351532963
60,-1.9593229796469125e-15,-4.226874717470733e-15,-1.6529814483109082e-15,8.040836606649867e-16,-7.581514205248627e-16,-1.0910823346955229e-16,-2.220446049250313e-16,0.0,0.0,2.4481063601099567e-16,-4.758919629821867e-16,0.0,0.04003284228532304,-0.3061031957919477
61,-3.271875469701403e-15,-4.382986349583935e-15,-2.501269790461075e-15,2.0639074526668257e-15,-1.9231697950476497e-15,1.0119190123264741e-15,-3.3306690738754696e-16,0.0,0.0,3.4204665831300145e-16,-6.580556868178344e-16,0.0,0.042223139764016544,-0.30510224182783807
62,-1.671255737856489e-15,1.8065428480290853e-16,5.719474343416823e-17,-1.9823319311981608e-16,-7.382891293076627e-17,-6.899088529736631e-17,-6.661338147750939e-16,2.220446049250313e-16,2.220446049250313e-16,-1.5824155993375323e-16,-1.4839948683262165e-17,-7.487858085791234e-18,0.0414219115543468,-0.3076960218972327
63,-2.4907746790004146e-15,-5.030811026057124e-16,-9.31607777121167e-17,5.161465194762937e-16,-1.7646279372886245e-16,7.151074997092412e-17,-5.551115123125783e-16,4.440892098500626e-16,4.440892098500626e-16,-1.0747786846408397e-16,-6.98281142987059e-17,-1.4926580882428904e-17,0.052658441977903904,-0.3205807925782874
64,-1.3323418484550671e-15,-2.582307184032843e-16,1.0009894413761401e-16,-4.0422051294430593e-17,-3.2576365090017e-16,1.0239519360319886e-16,-4.440892098500626e-16,2.220446049250313e-16,2.220446049250313e-16,-1.5274387852537502e-16,-1.7273664027166867e-16,-6.250972111199636e-18,0.03485940016643423,-0.31102817060060195
65,-1.3737141824195764e-15,-4.908924720567609e-16,-6.916763601477591e-17,-1.6913054032272294e-17,5.88150136526179e-17,1.3304732608197845e-16,-5.551115123125783e-16,2.220446049250313e-16,2.220446049250313e-16,-1.4480635184182226e-16,-2.556203207823588e-17,-2.4423750618628245e-17,0.05265844197790391,-0.3205807925782875
66,-2.9829086716934055e-15,-2.9306150125995513e-16,-1.5488008547578415e-15,-6.14184290272081e-16,3.713043560002042e-16,-1.1573359830680611e-16,-2.220446049250313e-16,4.440892098500626e-16,2.220446049250313e-16,-2.6752334760034734e-16,-6.253635647440309e-17,-1.252031845183913e-16,0.0526584419779039,-0.3205807925782874
67,-1.0143657936342299e-15,2.8229717399154077e-16,-2.6910246382641373e-16,-7.196833944722892e-16,1.1865661170573348e-16,-3.576735549525459e-16,-4.440892098500626e-16,2.220446049250313e-16,2.220446049250313e-16,-2.5097833768137174e-16,3.442500651601511e-17,4.7643795308437764e-17,0.037098035666157395,-0.29964750083592623
68,-1.7632535472033926e-15,2.464632740113537e-16,-2.7052574133640243e-17,-4.503619425489853e-16,1.6348059202116433e-16,-1.779583043256181e-16,-3.3306690738754696e-16,4.440892098500626e-16,4.440892098500626e-16,-2.587707663125022e-16,-3.3775126914535557e-18,-4.0527878323650413e-17,0.03383395507492024,-0.2989950194089321
69,-1.1350828983972928e-15,2.1325687322213714e-16,-1.84785379652574e-16,-1.1672462805015279e-16,9.024315215848734e-17,-2.1708451902061e-16,-3.3306690738754696e-16,2.220446049250313e-16,0.0,1.79534966771354e-17,3.230984167041226e-17,-1.7114964577421488e-17,0.029789191295338042,-0.29435694592944467
70,-1.3994954237847939e-15,1.195591480870893e-16,-7.652988900663429e-16,-8.170021492722848e-17,9.628887867261007e-17,-8.628480098180087e-17,-3.3306690738754696e-16,4.440892098500626e-16,4.440892098500626e-16,7.244596169659802e-17,1.6555925658314568e-17,-6.0677286991967675e-18,0.014960867758209774,-0.2739900228011108
71,-7.421185699975036e-16,2.0900385457786987e-16,3.5002700721867735e-16,2.5877322804201432e-17,-3.306877270245118e-16,9.2400004932462e-17,-4.440892098500626e-16,2.220446049250313e-16,2.220446049250313e-16,-7.174979808554778e-17,-1.1777776585306538e-16,-6.252411662447369e-17,0.02039110267177231,-0.282503527249485
72,-1.8615773662921513e-15,2.7421298938316873e-16,-5.312089274936929e-16,-2.8180692033876453e-16,1.413465312008027e-16,-1.5013676931270158e-16,-1.1102230246251565e-16,2.220446049250313e-16,2.220446049250313e-16,-8.675514564521514e-17,-1.4186949549436877e-16,-3.143545170255036e-17,0.03690676799574764,-0.3025185705709206
73,-1.1800874017769872e-15,6.072359547102868e-16,2.471151567450215e-16,-2.469913669712781e-17,-1.6456225259260553e-16,-4.0967742185200604e-16,-4.440892098500626e-16,2.220446049250313e-16,2.220446049250313e-16,-1.2844183642453636e-17,-9.399674427381852e-17,-1.1730548507044153e-16,0.0256171888506341,-0.28296503233667875
74,-1.849912791173225e-15,4.3361673940399454e-17,-6.29292989934417e-18,-2.871643803977751e-16,-5.052366109456676e-16,-3.9612405620896305e-17,-1.1102230246251565e-16,4.440892098500626e-16,2.220446049250313e-16,-9.606850294845186e-18,-3.6979422862860236e-16,-6.481583638634403e-17,0.0319728098919118,-0.2849575853358457
75,-2.044517359312369e-15,1.903241473430241e-17,-1.765188842498734e-16,-3.3900972354152153e-16,-4.275272094302398e-16,-2.6734824150559953e-16,-2.220446049250313e-16,2.220446049250313e-16,2.220446049250313e-16,-3.46372448068063e-17,-5.414226681401312e-16,-1.1277440320795671e-16,0.0526584419779039,-0.3205807925782874
76,-1.0169623026209498e-15,-4.109058097464403e-17,1.1591915521318914e-16,-2.399751450905411e-16,-4.708710345483687e-16,-1.949054052201295e-17,-4.440892098500626e-16,2.220446049250313e-16,2.220446049250313e-16,-1.6172049396023035e-16,-2.4933361235274905e-16,1.840168328669717e-17,0.05265844197790389,-0.3205807925782875
77,-1.498401441867977e-15,1.198263597501958e-16,1.7200325214029416e-16,-1.784923005667977e-16,-5.853867802361532e-16,-3.462946665366947e-17,-5.551115123125783e-16,2.220446049250313e-16,2.220446049250313e-16,-3.522608594388387e-17,-3.2872508124549567e-16,-2.462760325843029e-17,0.05265844197790389,-0.32058079257828753
78,-1.0544330835401096e-15,-3.449701615547369e-15,-1.2522140906978736e-15,3.1158567144005547e-16,-2.012369935718996e-16,3.7005599104796786e-16,2.220446049250313e-16,0.0,0.0,4.208776924772741e-18,-4.786367622138365e-17,0.0,0.05265844197790391,-0.32058079257828753
79,-1.7518300269876695e-15,-5.241504235907664e-16,-2.057719167881318e-16,1.891199460769971e-16,-9.996973964531647e-17,-5.467996040331479e-17,-3.3306690738754696e-16,2.220446049250313e-16,2.220446049250313e-16,-1.1247304081084475e-17,-1.3259118521229799e-17,-8.548657229604261e-17,0.052658441977903904,-0.32058079257828753
80,-1.4263634219602388e-15,-2.717273634859506e-15,-1.1353424382849832e-15,5.201315106719153e-16,-2.550841880662019e-16,1.6022430960656468e-16,0.0,0.0,0.0,9.984419173901768e-17,-1.1620618964398475e-16,0.0,0.052658441977903904,-0.3205807925782875
81,-7.629874394358079e-16,-1.2562478069148735e-15,-8.584239547261814e-16,1.1775304172442503e-16,-3.293059744937031e-17,4.838976420629458e-17,0.0,0.0,0.0,7.568117061017775e-17,-2.951662956714631e-17,0.0,0.052658441977903904,-0.32058079257828753
82,1.1511776406437321e-15,1.555119179290421e-16,7.792654818779384e-16,-5.08731860275396e-16,-3.827529359059861e-17,-1.005012784567887e-16,0.0,2.220446049250313e-16,2.220446049250313e-16,-1.6360897883658322e-16,-3.870657081861093e-16,-2.246773279570956e-16,0.0526584419779039,-0.3205807925782874
83,-1.576584690977703e-15,1.989909823474476e-16,8.340317278798026e-16,-3.4252869150300313e-16,-7.761709438098773e-16,-6.675047303178683e-17,-4.440892098500626e-16,2.220446049250313e-16,4.440892098500626e-16,-1.1749720441948776e-16,-5.635503942504395e-16,-1.0527059951195871e-16,0.05265844197790388,-0.32058079257828737
84,-1.907181743896092e-15,1.9674454002731415e-16,1.590696953859439e-16,-8.064643202434312e-17,-5.25405060364485e-16,-4.86085784166533e-17,-4.440892098500626e-16,2.220446049250313e-16,2.220446049250313e-16,-1.6986880206644545e-16,-2.463197365119518e-16,1.852188355613268e-19,0.052658441977903904,-0.32058079257828753
85,-1.1326113485662653e-15,3.1830137025445903e-16,1.4568720445630069e-16,-3.1375475639734093e-16,-5.174791625572584e-16,4.0746139919500456e-17,-5.551115123125783e-16,2.220446049250313e-16,2.220446049250313e-16,-1.1051452297059102e-16,-2.6774792470837315e-16,1.146335079210178e-18,0.0526584419779039,-0.32058079257828753
86,-3.0510607829362573e-16,7.349818656605815e-17,-1.7236312622541708e-16,-1.9433352070842007e-16,-3.6418915155324155e-16,4.0470116046012525e-17,0.0,2.220446049250313e-16,0.0,1.6625338490627945e-17,-2.1752327431388284e-16,4.641358276928628e-17,0.0462864269113177,-0.3059543874164289
87,-7.010138270968938e-16,5.577506407654615e-16,1.8919562404424433e-16,-2.490348669454973e-16,-5.567537278328945e-16,1.0970319041189515e-17,-1.1102230246251565e-16,2.220446049250313e-16,2.220446049250313e-16,-3.094203892982041e-17,-2.92972827648731e-16,2.376281341688851e-17,0.01311209330059473,-0.29935654222180785
88,-1.8859218526735716e-15,1.778387017125771e-16,-6.124467921472158e-17,-9.731215796600861e-17,-4.549421547357019e-16,-5.487527831842474e-18,-3.3306690738754696e-16,2.220446049250313e-16,2.220446049250313e-16,-5.988837367892442e-17,-2.0989736278969065e-16,1.1024157040693574e-17,0.017144431242932055,-0.3015206699573023
89,-1.7120720136478558e-15,5.472705474066854e-16,2.477394726037412e-16,-3.3006823203993635e-16,-3.1891056165597414e-16,-5.599213668442829e-17,-3.3306690738754696e-16,2.220446049250313e-16,2.220446049250313e-16,-6.515971393309283e-17,-2.2517133471024964e-16,-2.173195571394709e-17,0.031036007033881367,-0.25818018227124045
90,-5.853098141934709e-16,-8.782947300948016e-16,7.208320068334565e-16,-2.4901222700737916e-16,-4.342068501274615e-16,-2.706827606179457e-16,-3.3306690738754696e-16,0.0,4.440892098500626e-16,-1.8523207850247243e-16,-2.907389705632661e-16,-5.67196525340199e-17,0.019480533573481378,-0.23762979224684827
91,-1.2698912281599216e-15,3.6699401270821366e-16,9.336440374814675e-16,2.704851853080169e-16,-4.807521592600433e-16,-2.5115129200678993e-16,-4.440892098500626e-16,2.220446049250313e-16,4.440892098500626e-16,-2.7067364812449455e-18,-2.4650206439790027e-16,-5.599016456702265e-17,0.03163667824570765,-0.23876357155963213
92,-6.277238637809954e-16,-1.3810831356530922e-15,-5.567081231698285e-16,2.5796752117197267e-16,-2.866542263400058e-16,7.325323967647904e-17,-1.1102230246251565e-16,0.0,0.0,5.1324129389336694e-17,-1.543981258078186e-16,0.0,0.038722230556509994,-0.2839142156126011
93,-6.768171045382278e-16,-1.6683382953768522e-15,-5.977050114627057e-16,4.722645759261092e-16,-5.001224140953994e-16,-1.2378466946639763e-16,-1.1102230246251565e-16,0.0,2.220446049250313e-16,6.029975396637874e-17,-2.7081412305056417e-16,-1.6513582872469904e-17,-0.013178346274116364,-0.28524664610804285
94,-1.8568062578377577e-15,2.3592355491959653e-16,2.660991796424001e-16,-2.3116345584821526e-16,-3.5155862085798823e-16,3.141290877237192e-18,-4.440892098500626e-16,2.220446049250313e-16,2.220446049250313e-16,-4.825694078578257e-17,-2.4699733079926525e-16,4.481588989937084e-18,0.0013056212107723307,-0.2573109618930993
95,-6.801728514073792e-16,-3.2941136627984085e-16,-1.3883294860456767e-16,-7.125983231189775e-18,5.184910646243983e-17,-1.3072035107751578e-16,-2.220446049250313e-16,2.220446049250313e-16,2.220446049250313e-16,-4.338178679315439e-17,1.4962546661887434e-17,-6.102417466273985e-17,0.025930121728623592,-0.24343276418024887
96,-1.5045137780646498e-15,-1.0336243139533581e-15,1.5119399652698459e-16,4.423643983406333e-16,-4.129404315591935e-16,9.655100553464269e-17,-4.440892098500626e-16,2.220446049250313e-16,2.220446049250313e-16,-1.0769005302875731e-17,-1.9113508751342529e-16,-2.2599278566353866e-17,0.023974154271023576,-0.20582723482764523
97,-2.217257262444647e-15,-3.1870496477485398e-15,-1.209926036952766e-15,9.218732119627928e-16,-1.2051088034007953e-15,1.544503245988247e-16,-3.3306690738754696e-16,0.0,0.0,-2.6021279995303467e-17,-5.548464383642528e-16,0.0,0.02498888097470114,-0.21012636524535616
98,-1.1917971832436514e-15,2.67868619002242e-16,1.6040627093120342e-16,-3.964650870979223e-16,-1.9076781284863833e-16,9.041977084620628e-18,-4.440892098500626e-16,0.0,2.220446049250313e-16,-1.3507903395321246e-16,-1.4295796262386902e-16,2.71538402129143e-17,-0.03537513954498711,-0.2464991230507584
99,-1.102799903610501e-15,-8.11031784630377e-17,1.3325749696015056e-16,-1.091628744399429e-16,-2.1622226736390375e-16,8.496950139087103e-18,-4.440892098500626e-16,2.220446049250313e-16,2.220446049250313e-16,-7.80056376314284e-17,-1.8375565512829412e-16,-3.30852420690004e-17,-0.022670437389717,-0.2008617096757244
100,-1.2556121751835294e-15,3.667360308487502e-16,2.4010052953229605e-16,-6.500682056913513e-16,-3.9003533940850526e-16,-9.016074971611056e-17,-5.551115123125783e-16,4.440892098500626e-16,2.220446049250313e-16,-2.7631081696470704e-16,-1.7248506949944682e-16,-1.5549095068863479e-16,-0.06185916591835772,-0.2591199886985601
101,-1.646359371650034e-15,-1.1184806380170731e-15,-6.377747368113681e-16,-3.278295710570419e-16,-5.901304764803512e-16,-1.0512968173641007e-15,-4.440892098500626e-16,2.220446049250313e-16,2.220446049250313e-16,-1.7665589558755015e-16,-1.1343533606707746e-16,-2.0616619874048234e-16,-0.08618815885396158,-0.24606278735742707
102,9.034065752156218e-16,1.596570391075941e-15,5.707952103861732e-16,-9.49009459273319e-16,1.1705562142750295e-16,6.438916753132237e-16,-1.1102230246251565e-16,-5.551115123125783e-16,0.0,-1.8676873414003705e-16,1.2403071563354517e-16,1.637842969496966e-16,-0.08458832506088346,-0.23022072532560595
103,5.171405102264837e-16,-1.2035152639474177e-16,1.834819198048964e-16,-3.4957440855351725e-16,8.524951351815597e-17,5.771197013036322e-16,-1.1102230246251565e-16,-1.1102230246251565e-16,-1.1102230246251565e-16,-1.3288961416351285e-16,2.9535947446777044e-17,8.888097805762599e-17,-0.08618815885396161,-0.24606278735742715
104,1.3193742283709437e-16,7.54147242199587e-16,2.1692724023669055e-16,-6.401591264068653e-16,2.5468652986715473e-16,-5.117942728618685e-17,-1.1102230246251565e-16,0.0,0.0,-9.754058566488759e-17,1.0982951636660633e-16,0.0,0.010964758476360009,-0.1517084840001673
105,-1.7118500583980786e-17,1.0491732999826343e-16,2.734896203530879e-16,1.86692599190316e-17,3.691728125618639e-16,1.4171821091481596e-17,-2.220446049250313e-16,0.0,0.0,-2.8627175713228446e-17,1.557130413075296e-16,0.0,0.01203437344874983,-0.15575257633683834
106,-6.904272452770435e-16,5.786661470921806e-16,4.1131794781393274e-16,5.656081010723368e-16,-6.434446721486317e-16,-5.29677419753961e-16,2.220446049250313e-16,2.220446049250313e-16,-2.220446049250313e-16,4.301910195376237e-16,-3.3756884925137237e-16,-3.002238387395883e-16,0.01067885812459698,-0.15106379725665553
107,-1.833167656092994e-15,-1.1363855669929863e-16,-1.1263011742252715e-17,-2.5254857095384647e-16,-4.2260758834806686e-16,-3.8559818000109935e-16,-7.771561172376096e-16,2.220446049250313e-16,2.220446049250313e-16,-1.6961435061416565e-16,-2.8738886256195815e-16,-1.6326425863630548e-16,-0.003583033701673471,-0.11095036564012428
108,-1.811938860761015e-15,-6.367464778048652e-16,-7.806782865475898e-16,-1.1847456648262916e-16,-3.444537868601272e-16,2.4088054787898133e-16,-3.3306690738754696e-16,2.220446049250313e-16,2.220446049250313e-16,-2.267239218165022e-16,-5.791466716435422e-17,-3.5994434406059016e-17,-0.01309798083532284,-0.0719585036099269
109,-3.2079541040773863e-16,-1.0331507965044444e-15,2.604352421413327e-16,-3.9048409515741625e-16,-3.4616166303696567e-16,-1.6275864502953072e-16,-1.1102230246251565e-16,0.0,2.220446049250313e-16,-1.5225391949752565e-16,-4.720661502991944e-16,-1.4809668718037697e-16,-0.024636799347949954,-0.02488000459129106
110,-2.1427548045800707e-15,1.7752706365616513e-16,6.895328642728702e-16,4.1537312131257103e-16,-8.463994006176445e-17,-4.11187528561126e-16,-3.3306690738754696e-16,2.220446049250313e-16,2.220446049250313e-16,2.7741042021830915e-16,-1.0265754426635376e-16,-2.23582178359677e-16,0.0029976107663309847,-0.23328260730209646
111,-2.1352119229821252e-15,-1.4426432633461795e-15,-2.0448824878390284e-16,-4.962074242395485e-16,-5.759106860443253e-16,-2.2817100975889485e-16,-5.551115123125783e-16,2.220446049250313e-16,2.220446049250313e-16,-4.888843095379674e-16,-3.762631126316406e-16,7.969476950764416e-17,0.05265844197790388,-0.3205807925782875
112,-1.6889057356334978e-15,-4.759900959566948e-16,1.820019637311092e-17,-3.161397251020703e-16,-4.2481782863834232e-16,-8.203178416428739e-17,-2.220446049250313e-16,-3.3306690738754696e-16,2.220446049250313e-16,2.389816972839444e-16,-4.313605637618041e-16,-2.7396183784723935e-16,0.0,0.0
113,-3.0478400445820975e-16,-7.043819541944803e-16,3.2224159844920916e-16,-5.2516642958923457e-17,-3.665685291212988e-17,2.355447088930824e-16,-1.1102230246251565e-16,2.220446049250313e-16,2.220446049250313e-16,-5.733849986402937e-17,-7.598828268445266e-17,-2.1293151546691554e-17,-0.0861881588539616,-0.24606278735742707
114,1.6711811869663197e-16,-7.391665312732412e-17,1.8454588932578983e-16,8.922905958689767e-16,-4.931624550028546e-16,-3.307755162911009e-16,0.0,-3.3306690738754696e-16,0.0,6.653500858511092e-17,-1.7722779644558788e-16,-8.685413865898672e-17,-0.0861881588539616,-0.24606278735742712
115,-5.021408254763358e-16,-2.698493968176489e-16,-7.561506897622624e-17,3.990860508614279e-16,-2.273564733456136e-16,-8.595707072463501e-17,0.0,-1.1102230246251565e-16,2.220446049250313e-16,1.1761017020929266e-16,-1.329108187505244e-16,-2.214730601596441e-17,-0.0861881588539616,-0.2460627873574271
116,-5.088554516970734e-16,-4.925363800853877e-16,-2.813757560663455e-16,8.265702303354253e-17,-2.7260366262421144e-16,6.942751539839643e-17,0.0,-1.1102230246251565e-16,0.0,4.539256417822909e-17,-2.187229008794389e-16,-1.9905985090819357e-17,-0.0861881588539616,-0.24606278735742707
117,-6.52729312273772e-16,-3.7576066469355953e-16,2.122820786147079e-16,1.15377822067467e-16,-1.1836308016566607e-16,1.0475268577689869e-16,-2.220446049250313e-16,2.220446049250313e-16,2.220446049250313e-16,1.0202927525560099e-16,-1.6270045672495287e-16,-2.5988072760102817e-17,-0.08497553707668727,-0.2340550216133648
118,-9.305816542961443e-16,-6.178334112640138e-17,2.3510084571845454e-16,7.097118254023448e-17,-3.074300918489131e-17,1.2019522929281492e-16,-2.220446049250313e-16,-1.1102230246251565e-16,2.220446049250313e-16,-3.88231314226036e-17,-5.117515799848245e-17,-2.0306507721023283e-17,-0.08520214085665717,-0.23623262947629595
119,-1.1618246706325102e-15,-9.472732900938934e-17,4.8724686268733906e-17,1.0984936598554797e-16,7.515317690865831e-17,1.1534121196375981e-16,-2.220446049250313e-16,0.0,2.220446049250313e-16,-5.766538276947412e-17,4.184315751778835e-17,3.493150541330392e-17,-0.03539723769559731,-0.014239293602319675
120,-4.955684938625598e-16,8.220611254090176e-16,-2.819431584916335e-16,-1.0880972465307005e-15,8.6258619585215e-16,-5.939672354791127e-16,0.0,4.440892098500626e-16,0.0,-2.337003892263991e-16,3.4895237776464967e-16,-2.7290741854255093e-16,-0.03483104973966175,-0.012821759816640787
121,-1.1837370155953237e-15,2.210859371792091e-16,2.706264539620423e-16,-2.5712578009131945e-16,2.6224875670894505e-17,-4.1005176324351216e-16,-4.440892098500626e-16,4.440892098500626e-16,2.220446049250313e-16,-9.421174732720803e-17,1.3714332529559458e-17,-1.9122721075170803e-16,-0.03535827887897726,-0.014966101974391926
122,-4.88543662507581e-16,-1.2065585667231685e-15,-5.677082449479815e-16,-1.1669798070785642e-16,1.703156313086221e-16,2.110776801174644e-16,0.0,0.0,0.0,-5.1706828684379454e-17,8.272996285101813e-17,-3.142597219397773e-17,-0.0861881588539616,-0.24606278735742712
123,-3.942368690166452e-16,-7.688896758286643e-16,-4.905064876192322e-16,2.4372475080349002e-17,1.0299173091593164e-16,1.943865819783744e-16,0.0,0.0,0.0,1.915057901397833e-18,5.68379573711975e-17,0.0,-0.0861881588539616,-0.2460627873574271
124,-9.241949168154496e-16,2.5736287377443505e-16,6.352831620204085e-16,4.776200870145787e-17,-3.5530211861698946e-16,-1.5227237919254172e-16,-4.440892098500626e-16,2.220446049250313e-16,2.220446049250313e-16,-5.155112261241151e-17,-1.5113872281385286e-16,-8.812545661197045e-17,-0.08618815885396161,-0.24606278735742707
125,-1.7766306341720934e-16,8.217087180831387e-17,-3.63364917121784e-17,-5.824462464819132e-16,-5.467540991125325e-16,-4.9620035427284167e-17,0.0,2.220446049250313e-16,2.220446049250313e-16,-1.3419252714917172e-16,-4.037116884161481e-16,-6.470226157621421e-17,-0.14975450568979337,-0.06363007893237858
126,-5.870066091162378e-16,-2.2899157498996387e-15,-1.4296857442308166e-15,9.492448267385032e-17,-1.0661487395141947e-16,8.248155283940177e-16,2.220446049250313e-16,0.0,0.0,-6.955733578400711e-17,3.8490910716960456e-17,0.0,0.030030121644093074,-0.2846312417241918
127,-7.851077716199945e-16,-1.6150999427635122e-15,-6.51265624527312e-16,-1.137386319124446e-16,-1.566989206081174e-16,3.6802396810126484e-17,0.0,0.0,0.0,-4.4311285424908737e-17,-8.605561238521581e-17,0.0,-0.021543757184965484,-0.2807569882396147
128,3.212524903180484e-17,-6.977909103067851e-17,2.9259859046844076e-16,-3.51012833643546e-16,-4.156188270340705e-16,8.249960294594377e-17,-1.1102230246251565e-16,0.0,2.220446049250313e-16,-1.5767181059368503e-16,-3.1101714709996666e-16,-2.641089147368026e-17,0.013505331669596362,-0.2942187653390981
129,-6.407584346646848e-16,1.3261223000982498e-15,3.417031971974125e-16,6.732007326182264e-16,-1.8420236805538165e-16,-6.313656129172239e-17,0.0,0.0,2.220446049250313e-16,1.483213072974979e-16,-2.3924826027691617e-16,-2.1966340007573775e-17,0.010608724512279026,-0.29304219571845264
130,-1.5161040758933477e-15,-1.738653858878147e-17,2.2493310590179573e-16,2.6949490896003636e-16,-1.0917419931381143e-16,-3.6029106952926125e-17,-4.440892098500626e-16,0.0,2.220446049250313e-16,-4.6308060641889825e-17,-9.961766682735453e-17,-2.857968990962815e-17,-0.018779091650642663,-0.2822407650082665
131,-7.468531220945645e-16,5.857459735399432e-16,4.067087210281223e-16,6.84040501276126e-18,-2.7362273219962844e-16,-1.0000388224373008e-16,-2.220446049250313e-16,0.0,2.220446049250313e-16,-8.388880806106277e-17,-2.0111438649405175e-16,-3.554456472392108e-17,-0.052690463523795535,-0.2640407675207501
132,-3.0135546138648715e-15,-2.113250948540358e-15,-3.9804223650906424e-16,9.384294489081676e-16,-8.537791981519977e-16,2.790475241007361e-16,-4.440892098500626e-16,0.0,4.440892098500626e-16,1.69653208309318e-17,-3.3585044904861747e-16,-1.1085032514109714e-17,0.021035500015302286,-0.2751063604140034
133,-1.233641306790383e-15,-4.1956155847946875e-16,-1.5420559158278985e-16,6.443901102686922e-16,-2.227711122947594e-16,1.3404283910784068e-16,-1.1102230246251565e-16,0.0,2.220446049250313e-16,1.144274863552226e-16,-1.2210893060506077e-16,-3.570628509840147e-18,-0.00702592986331642,-0.24785764505592242
134,-9.804187879713545e-16,3.803874167634976e-16,3.765169406668182e-16,-4.702127078902192e-16,-8.034250488353949e-17,-9.586706412750542e-17,-4.440892098500626e-16,2.220446049250313e-16,2.220446049250313e-16,-2.6366725177958605e-16,-1.285604725124111e-16,2.5053288237891155e-17,0.03281171636904688,-0.29782283272763566
135,-2.1791530001433534e-16,9.876534696945901e-17,-5.0826585028032447e-17,-5.889151780994563e-16,2.8803175350798166e-16,-3.8568806378235687e-16,-1.1102230246251565e-16,2.220446049250313e-16,0.0,-2.2478062713774226e-16,9.57850602059951e-17,-1.0895173628282993e-16,0.0526584419779039,-0.3205807925782875
136,4.485137304702628e-16,4.261163147374299e-16,7.44663491105424e-16,-7.158782662626277e-16,3.735826497199058e-16,-1.25028535257061e-16,0.0,-1.1102230246251565e-16,2.220446049250313e-16,-2.2513873641404464e-16,1.604980137608287e-16,-8.408989425525871e-17,0.03755789299258028,-0.3011103121845621
137,-3.2699554520073205e-15,-3.3673743239165123e-16,-2.8549231218522676e-16,-1.0318375597114004e-15,8.622011424220175e-16,1.577678153847968e-15,-7.771561172376096e-16,-3.3306690738754696e-16,6.661338147750939e-16,-4.1915368353557626e-16,-2.4475448120557235e-16,5.403509767523147e-16,9.676783118336083e-05,-0.2563938371483783
138,-1.7755782018352925e-15,-7.407889935499464e-18,-9.759786585939487e-17,4.514753976026131e-16,-6.747453162176092e-16,-9.020816759972257e-17,-1.1102230246251565e-16,2.220446049250313e-16,2.220446049250313e-16,2.0557917358647294e-16,-3.644662221335637e-16,-1.0758649897305878e-16,0.011775955683727954,-0.2711590190687108
139,-1.5158748470589118e-15,-1.2481788280704055e-16,-3.2787411860091346e-16,1.569769448980327e-16,-7.298878905812877e-16,-1.176216390306856e-16,-1.1102230246251565e-16,4.440892098500626e-16,2.220446049250313e-16,1.5215522443911265e-17,-4.696916698340233e-16,-1.2678904137812332e-16,0.03294068316104845,-0.2951569330335173
140,-6.99387820978944e-16,-2.552350009808819e-16,7.778894445641043e-17,4.818493714557813e-16,-7.850057927629922e-16,1.485894930628954e-16,2.220446049250313e-16,0.0,2.220446049250313e-16,1.0156692000212165e-16,-4.612415201935423e-16,-1.9637507329566618e-16,-0.04910654823162675,-0.2659642299379277
141,3.5495547758994945e-16,1.74931303730452e-16,1.4552628498802672e-16,1.4579309023779316e-17,5.634985445288733e-17,-5.929107699538015e-17,4.440892098500626e-16,-2.220446049250313e-16,0.0,6.740084585498807e-17,-3.437998007769666e-18,-1.2799088461291557e-16,-0.005827193587079912,-0.28705692563986096
142,-2.860159226443195e-16,5.4306069064233005e-17,3.372479412110691e-16,4.055249260315486e-16,-1.9584972290162266e-16,-1.180131619301068e-17,0.0,-1.1102230246251565e-16,0.0,9.162089194107934e-17,-1.0871814091581846e-16,-2.2871116407838992e-17,-0.056738652806130524,-0.26186813248129853
143,4.275585835022845e-17,3.0534765115735317e-16,4.5043142093559524e-17,9.631633918013003e-17,-1.32199152637806e-16,-5.924328689681217e-17,0.0,0.0,0.0,-4.1624879645368075e-17,-8.757432184207418e-17,-2.1740727217767756e-17,0.026453409678859095,-0.25339154889520615
144,-4.482175675560723e-16,1.5127585363640326e-16,4.154497386275906e-17,6.122365837750805e-17,-4.372488491643087e-16,-8.658366534150015e-17,-1.1102230246251565e-16,0.0,0.0,-1.8479708009554617e-17,-2.2964701182187997e-16,-8.076282702325126e-18,0.013950003097894376,-0.1993066003789613
145,-2.5109521499745718e-15,-3.433447181702404e-15,-2.2378125288550042e-15,-1.7543261656018203e-16,-9.671002545911121e-16,8.473026931173017e-16,-1.1102230246251565e-16,0.0,0.0,-3.0395871333865725e-16,-3.8342283089788376e-16,1.6699647119580757e-30,-0.061677646555573076,-0.24238810451378398
146,-1.4585791224340598e-15,-2.943115453470857e-15,-6.289167632638718e-16,7.717139281609722e-16,-5.930143966052598e-16,5.729168483641597e-16,-2.220446049250313e-16,2.220446049250313e-16,2.220446049250313e-16,3.53735129248614e-17,-2.0230981873761277e-16,-3.301699077035236e-17,-0.06035579130678866,-0.1731842441003963
147,-3.0578398739113633e-15,-7.888027763916324e-15,-2.387886543341973e-15,1.2712394427335664e-15,-1.7243165498550703e-15,1.2145525287982346e-15,-2.220446049250313e-16,0.0,0.0,-7.949894604585253e-17,-7.267025769562965e-16,0.0,-0.027361745226841636,-0.13520361867274927
148,-1.0389089652844482e-15,-4.087615432062662e-15,-8.05153460879584e-16,3.65316676491805e-16,-9.088013854378336e-16,1.6958801511386657e-16,-1.1102230246251565e-16,0.0,0.0,-6.715502590648078e-17,-5.060209169599981e-16,0.0,0.005076392936169246,-0.17985512030131853
149,-1.7702888676396154e-15,-4.845422849089944e-15,-2.762981076199001e-15,-2.609417643009057e-16,-2.8614372634712965e-16,-5.387159070916171e-16,2.220446049250313e-16,8.881784197001252e-16,-2.220446049250313e-16,1.2522627517326527e-17,-1.1938349592414532e-16,-1.0076861249827002e-16,-0.018148741700520023,-0.20721398122427329
150,5.208934812364414e-16,1.5607468488448506e-15,1.1016719806287208e-15,-1.6674949283226617e-15,-3.438109348242524e-16,-4.660632814172307e-16,-4.440892098500626e-16,2.220446049250313e-16,4.440892098500626e-16,-7.272400860847852e-16,-1.660306127335545e-16,-3.0361239944396333e-16,0.0026498248230626617,-0.12999364206850353
151,-6.780187194261024e-16,-2.246125721993932e-15,-2.1252539658347884e-15,-5.801320287828571e-16,-2.8600622257356466e-16,1.2998329159450847e-16,2.220446049250313e-16,4.440892098500626e-16,-3.3306690738754696e-16,-1.8556302215852179e-16,-9.31167627211029e-17,6.269856832862322e-17,-0.012398250726154485,-0.0670744351352311
152,-5.757669712669264e-16,1.2740110161778717e-15,-1.546357439487139e-16,-5.588543932229235e-16,2.953499009242956e-16,-5.650292766441983e-16,-1.1102230246251565e-16,4.440892098500626e-16,-1.1102230246251565e-16,-2.6953409178867526e-16,1.0830642256117279e-16,-1.2544750974876363e-16,-0.015446605011124506,-0.21933489608250614
153,-9.570211995065384e-16,-3.571927171456927e-15,-1.8912444122450732e-15,-7.186668948450331e-16,5.5802075559255e-16,1.0175658607017167e-15,2.220446049250313e-16,0.0,0.0,-2.1576962047460939e-16,2.1990061622605102e-16,0.0,0.008118538758313606,-0.23701283617912053
154,8.411973089146926e-16,1.8683211518627098e-15,-5.1369908904017365e-17,-1.0999880342456696e-15,1.2149703051261024e-16,5.841027983264687e-16,0.0,-1.1102230246251565e-16,-3.3306690738754696e-16,-4.058716627803363e-16,3.099287241269744e-17,2.7991818797184986e-16,-0.027055204137408657,-0.16817543433223495
155,-2.2236149720394914e-16,-1.8786872498620127e-15,-6.832664196641369e-16,6.71658750847238e-17,1.4131012939512118e-16,3.0362072621335224e-16,2.220446049250313e-16,0.0,0.0,-4.935201619528082e-18,8.677112094360189e-17,0.0,0.003903710357887928,-0.1988995525298956
156,1.126054771858538e-15,1.0985307669002246e-16,-3.2592778078505964e-16,1.404411704243336e-17,9.860826958107962e-17,-2.9704038298307083e-16,4.440892098500626e-16,-1.1102230246251565e-16,-1.1102230246251565e-16,1.7771314018536603e-16,1.6125707546121915e-16,4.942868382250387e-17,0.052658441977903904,-0.3205807925782875
157,1.462362592153381e-16,-4.912673391643439e-16,-3.943034725612868e-16,6.320077529674205e-16,4.7271512388696855e-17,-1.658069619928915e-17,4.440892098500626e-16,-2.220446049250313e-16,0.0,3.2474532751671685e-16,1.1276743750772946e-16,-5.223039157072483e-17,0.01084732550020476,-0.2981410570910062
158,4.477200543815069e-16,-5.19379608686638e-16,4.056810609843285e-17,1.5098424484569498e-16,-2.978303500102703e-17,1.698118350245247e-16,2.220446049250313e-16,-2.220446049250313e-16,0.0,1.0861210552677323e-16,-7.431044185851593e-19,-2.593939759444799e-17,-0.012411400030897315,-0.2856582608239517
159,-7.503313096460583e-17,-6.31929502888527e-16,-1.8452252109042984e-16,2.570510298891488e-16,-1.1467038013919449e-16,1.7025837562557755e-16,0.0,-1.1102230246251565e-16,2.220446049250313e-16,6.433886183393036e-17,-1.3911861848856778e-17,-1.3026140656103304e-17,0.0057216848176021564,-0.28346815958315563
160,9.453354584111011e-16,-4.630984725197601e-16,2.2449601984309983e-16,-1.1015977011145383e-16,-7.413946700169886e-18,2.1867260428927112e-16,4.440892098500626e-16,-2.220446049250313e-16,0.0,1.0787153345331428e-16,5.63044533273114e-17,2.6495328802780014e-17,-0.0861881588539616,-0.24606278735742707
161,5.170093941715768e-16,2.3888236510265715e-16,3.288050431179009e-16,3.740187341813972e-17,4.056281897083972e-17,-8.168573904189626e-17,2.220446049250313e-16,0.0,0.0,4.9171010862828876e-17,1.4159485715627822e-17,1.2937626915878805e-17,-0.08428314865958926,-0.21803634074616854
162,9.21352244288999e-16,-1.012130368501158e-16,1.7482684955383592e-17,7.762949904580677e-17,1.4377756066462188e-18,3.300110756948926e-17,4.440892098500626e-16,-3.3306690738754696e-16,-1.1102230246251565e-16,1.5766787618235806e-16,4.157328405765863e-17,-1.655170564740047e-17,-0.0859957404099224,-0.2441444616378989
163,9.98481646912054e-18,-2.218991037524235e-16,1.2569316894954623e-15,1.4823765296405012e-15,-5.333448990242525e-16,1.0476437555076243e-16,2.220446049250313e-16,-7.771561172376096e-16,4.440892098500626e-16,6.357422854042266e-16,-3.046723575750749e-16,-6.608471378868729e-17,-0.08077603534193961,-0.19247022244706555
164,-1.074757755274373e-15,-3.569230457675375e-16,3.6978928943999614e-16,3.991587007207582e-16,-5.664983510595896e-16,-1.5429596696676819e-18,-1.1102230246251565e-16,-1.1102230246251565e-16,2.220446049250313e-16,2.876834889357869e-16,-3.540866594053597e-16,-8.230637483298381e-17,-0.08269164666199166,-0.21131546390083525
165,-1.0950583097794451e-15,-4.93768097065287e-16,6.01654310938664e-16,4.087025130962797e-16,-4.8186402976500225e-16,1.0295696627529932e-16,-1.1102230246251565e-16,-3.3306690738754696e-16,2.220446049250313e-16,1.5406919970931965e-16,-2.938622771669506e-16,-2.3266995673243632e-17,-0.07993768013626665,-0.18406844634456082
166,-7.102324764496964e-16,3.8053536103711435e-17,1.4255474146443458e-16,1.791787498881623e-16,-5.615494881441402e-16,3.1939055460896953e-18,0.0,-1.1102230246251565e-16,0.0,2.0753484833420397e-16,-2.9357427189101607e-16,3.715267258335905e-17,-0.08287257450968323,-0.21300789620780794
167,-9.305290128136767e-16,3.423835323551335e-16,3.581784060904948e-16,2.394727409405164e-16,-5.558429826109524e-16,-3.398268391860434e-16,-3.3306690738754696e-16,2.220446049250313e-16,2.220446049250313e-16,-6.832579193309423e-17,-3.398753046217182e-16,-1.379438581277772e-16,-0.08202676162952492,-0.20466590450802877
168,-8.725039414742266e-16,-2.583784635764499e-15,-1.1819131980277145e-15,-1.3770189984341437e-15,7.836634061672088e-16,1.3867571250211945e-15,-1.1102230246251565e-16,0.0,0.0,-2.4755370018653023e-16,1.7405726854585338e-16,1.5094238658069817e-30,-0.08175264855789519,-0.20184273598624078
169,-1.2719098612185765e-15,-9.78084693866226e-16,3.515884183684969e-16,3.6978862215608213e-16,-4.689380672783308e-17,5.211058135768732e-17,-4.440892098500626e-16,0.0,2.220446049250313e-16,-2.15947194182897e-17,-1.1709329959305927e-17,-8.263006102589488e-17,-0.026882205292789327,-0.03992227638278966
170,-8.316137013385785e-16,-2.7521698992019543e-15,-1.027797183622706e-15,-1.3004671138820788e-16,-5.102338367539292e-17,7.321667287948701e-16,0.0,0.0,0.0,-1.2407552792110396e-16,4.733745749394841e-17,0.0,-0.014004591660768003,-0.11368286002551475
171,-5.941910656351147e-16,3.0615145965003984e-17,-2.5284676764299824e-17,-1.107054104698564e-15,7.295738879001924e-16,-2.657095712842789e-16,-1.1102230246251565e-16,2.220446049250313e-16,2.220446049250313e-16,-2.9963258847954986e-16,2.6383963707996976e-16,-2.0466886357234329e-16,-0.03932610566788148,-0.030007739284701202
172,-5.3739922403480324e-17,-1.0711829803062408e-15,-2.618800282414568e-16,-4.672973785443695e-16,9.682842441030649e-17,1.5607747004541053e-16,-1.1102230246251565e-16,0.0,0.0,-1.7481676212729851e-16,9.3797942116012e-17,0.0,-0.03763314669650947,-0.02374065025272499
173,-1.137911573010602e-15,7.931423026616252e-16,-3.8968937516453513e-16,9.427458437077125e-16,-7.963082006618557e-16,8.20858715928603e-16,-1.1102230246251565e-16,0.0,-2.220446049250313e-16,5.283273338691118e-16,-2.7224181283112045e-16,2.0635408244463429e-16,-0.030492099933844625,-0.026397095910185
174,-1.1240153569748958e-15,-4.382936445792235e-16,2.272182704607635e-16,7.214605635443181e-16,-6.753436136358562e-16,1.4206252729401804e-16,-1.1102230246251565e-16,-1.1102230246251565e-16,2.220446049250313e-16,1.671691074005609e-16,-3.5692532647500824e-16,-5.170949208908546e-17,-0.038901076691523,-0.029375341030664873
175,-1.2026693974062334e-15,-3.0768862999065523e-16,2.1676237762915202e-16,3.7879628104835773e-16,-5.383905335432263e-16,5.084360024690102e-17,0.0,-1.1102230246251565e-16,2.220446049250313e-16,1.970085586491559e-16,-3.1400573762103974e-16,-4.659423336619682e-17,-0.037812420036543046,-0.02494756535115561
176,-1.3617029172562419e-15,-2.851366633734237e-16,1.4994260216520415e-16,4.918880402433551e-16,-4.786965341326866e-16,1.5499473410933927e-16,0.0,-1.1102230246251565e-16,2.220446049250313e-16,2.437687009786041e-16,-2.7801114204283247e-16,-1.1679158278049299e-17,-0.039415524424449816,-0.03146769875411438
177,-4.643401625187812e-16,-5.867487839242356e-17,1.0228116125532073e-16,1.4960003993605723e-16,-4.969242716968358e-16,1.4124690002714974e-17,-1.1102230246251565e-16,-1.1102230246251565e-16,0.0,-1.1622416025095096e-16,-3.061909906479774e-16,-8.991666079758055e-17,-0.041260936218747706,-0.038973342911153216
178,-1.3929468846015569e-15,3.110972082534452e-16,4.2223651646920085e-16,1.787785186948455e-16,-4.40794548502662e-16,-2.8731435648949756e-17,-3.3306690738754696e-16,0.0,2.220446049250313e-16,-7.254313101199112e-17,-2.7761166758778127e-16,-2.3317208781335675e-18,-0.08618815885396158,-0.24606278735742704
179,-6.313093838258924e-16,1.5175770509734903e-15,3.365680151434305e-16,-4.889446103768992e-16,2.4006581658775197e-16,-5.492297104054069e-16,-4.440892098500626e-16,2.220446049250313e-16,0.0,-3.355510295524177e-16,9.111584375584582e-17,2.0522828311267274e-17,-0.08618815885396162,-0.24606278735742712
180,-1.6789441914518554e-15,-1.8031527715287064e-15,-6.840711302755405e-16,1.0012087209707527e-15,-1.3515438103973611e-16,7.309816829870198e-16,8.881784197001252e-16,-1.1102230246251565e-15,4.440892098500626e-16,4.054748724011351e-16,-2.943795297596342e-16,4.793020076773551e-16,-0.0861881588539616,-0.24606278735742704
181,-2.4201369609457335e-15,-9.587900460815115e-16,4.963979242546738e-17,1.6362749843049062e-15,-2.318408475969785e-16,9.669953813841344e-17,-1.1102230246251565e-16,-1.1102230246251565e-16,4.440892098500626e-16,7.936900704665103e-16,-7.751365218075583e-17,-3.599221974111964e-17,-0.09192955345272782,-0.22194338598703398
182,-2.140384086308647e-15,-6.247136689735067e-16,-3.7106847472399153e-16,1.128641822349541e-15,-1.7950506666135865e-16,-6.709818788180843e-17,2.220446049250313e-16,-1.1102230246251565e-16,0.0,3.4384095545242076e-16,-1.4607215691152764e-16,-3.26952854792983e-16,-0.08618815885396158,-0.2460627873574271
183,-1.682668255484069e-15,-1.4547223202718624e-15,-5.332503207497911e-16,5.537278311796372e-16,-9.68343719706288e-17,1.159010421068282e-16,2.220446049250313e-16,-1.1102230246251565e-16,4.440892098500626e-16,1.746517646614253e-16,-1.421011779880833e-16,-6.193690473063451e-17,-0.09145858670172355,-0.22392190112027754
184,-9.11367004262387e-16,-1.1008891813869772e-15,3.232145993920306e-16,-5.3118793744795425e-17,-1.991097070398381e-16,1.4520381449011709e-15,-3.3306690738754696e-16,-5.551115123125783e-16,6.661338147750939e-16,-4.5843352019645933e-17,-1.7766397465022093e-16,3.5796208389594644e-16,-0.08618815885396161,-0.24606278735742712
185,-7.065708838142589e-16,-2.335422695285176e-16,4.661746860514183e-16,6.929919738164242e-16,-3.612855257793525e-16,-3.456162569928681e-16,-2.220446049250313e-16,-1.1102230246251565e-16,2.220446049250313e-16,4.337824604357113e-16,-3.2802717031550383e-16,-2.601401627539785e-16,-0.0861881588539616,-0.2460627873574271
186,-7.658042936298768e-17,1.9572599822575766e-16,6.537034370282637e-17,6.114186948448026e-16,-1.7217346703346548e-16,-4.73156002938705e-17,2.220446049250313e-16,-2.220446049250313e-16,0.0,1.921901801057207e-16,-7.025538915868147e-17,-7.590138024065495e-17,0.0,0.0
187,-2.5839529830772407e-16,6.019776788213713e-17,-1.245112012044709e-16,5.794679670491686e-16,-2.964692479203252e-16,3.0062098356670394e-16,2.220446049250313e-16,-2.220446049250313e-16,0.0,2.541602592932564e-16,-1.4574597599788517e-16,3.4258590825123524e-17,-0.14968108580289297,-0.05878210078012376
188,-5.186231563550908e-16,4.937830532566482e-16,-2.1673853698532552e-16,6.891064603915871e-16,-3.1922373819396873e-16,1.290738184713486e-16,-1.1102230246251565e-16,-2.220446049250313e-16,0.0,1.3022324983791283e-16,-1.512460806751583e-16,-4.2898105630607236e-17,-0.10165160353313285,-0.12087361397044252
189,-5.069594021200491e-16,-3.95263727456211e-16,-3.323327354380015e-16,1.0975422890981099e-16,-1.654796114734816e-16,6.933234424065061e-17,-1.1102230246251565e-16,0.0,0.0,4.611964276320236e-17,-1.2013315379620678e-16,1.9393469868172607e-17,-0.10432828486137834,-0.11877546641937993
190,-6.575933768609045e-16,3.866977353524402e-16,-1.9022427776846392e-16,4.714550008927141e-16,-4.4053015011772507e-16,6.289261596840392e-17,-2.220446049250313e-16,0.0,0.0,9.465478273427002e-17,-2.6814828950164643e-16,-1.0044783419590849e-17,-0.15078821595146263,-0.05732780150883678
191,-1.2230452371508205e-15,-1.369896986985613e-15,-1.1480517204472175e-15,-3.0451704435093147e-16,-6.110060381529456e-16,9.617313934044764e-17,0.0,0.0,0.0,-1.946952788942677e-16,-2.909207535151146e-16,0.0,-0.07273865170749177,-0.16215326984495398
192,-3.2324866755468055e-16,-1.0272129556082086e-15,1.6027484234198905e-16,2.3187327790733953e-16,-4.1607248616131884e-16,-1.0424822906974711e-16,0.0,0.0,2.220446049250313e-16,-2.3305201393466273e-17,-2.2325477604965995e-16,-4.282392556644353e-17,-0.1681126777192247,-0.0359209592343798
193,6.234263049359677e-15,7.891836409757027e-15,1.0841053399062113e-14,1.864153687235538e-15,-3.7413821468299095e-16,-6.300892175059606e-15,2.220446049250313e-16,0.0,0.0,1.7153182161273983e-16,1.968440900500173e-16,0.0,-0.12276552021689165,-0.06836448342460173
194,3.4242749833362377e-15,6.680892568707771e-15,1.641962294222631e-15,6.63217391707616e-16,-4.400074001315335e-16,-1.1790960553259623e-15,4.440892098500626e-16,-2.220446049250313e-16,-8.881784197001252e-16,-2.6503096311368795e-16,-1.5583591815350387e-16,5.710141531556464e-16,-0.14107377836114857,-0.07065639747557712
195,1.7799526703029762e-15,2.819599067018071e-15,6.41188971427612e-16,3.8866463785844463e-16,-1.845130460472496e-16,2.4285968683931664e-16,0.0,0.0,-4.440892098500626e-16,7.819224742729361e-17,-1.3712734522963475e-16,3.736120529150368e-16,-0.11350210673166451,-0.06695653209746849
196,3.165959520097778e-15,8.293321705489246e-15,3.991949786706165e-15,-1.905136892598159e-15,1.8377479936378564e-15,-4.040327740989808e-15,0.0,0.0,-3.3306690738754696e-16,-1.92200530880651e-16,2.9205002945048736e-16,4.481603507636203e-17,0.006478128855620329,-0.2636084330976496
197,1.6953485254273134e-15,9.633679566109592e-17,3.119997525442752e-16,-3.2983831268268246e-17,-1.6226604710023171e-16,1.7006433691343777e-16,4.440892098500626e-16,-3.3306690738754696e-16,-1.1102230246251565e-16,-1.441020996021078e-17,-1.0685123257066015e-16,3.3437345081616755e-17,-0.017118666587178057,-0.2566597233695185
198,1.1201663547245216e-15,-3.6421921580618727e-16,2.5222283499760454e-16,-1.1389962304887468e-16,-5.146182645302494e-17,3.263777895473239e-16,4.440892098500626e-16,-2.220446049250313e-16,0.0,2.433537089839243e-17,-7.859697273904037e-18,4.4905189934663997e-17,-0.05568695764684706,-0.21945109133044557
199,5.535482215334179e-16,-1.284805291520981e-16,1.780308352135891e-17,9.06862027924502e-17,2.4230336192607925e-17,2.0397631609622496e-16,4.440892098500626e-16,-3.3306690738754696e-16,-1.1102230246251565e-16,1.0510162354211624e-16,6.431660524206718e-17,-5.241020690340616e-18,-0.08675364747583825,-0.21424681394793899
200,1.3792326464534382e-15,3.25818791190797e-16,2.74980006087599e-16,-8.779274838925671e-17,2.0981896749609602e-17,4.3458223355353813e-17,4.440892098500626e-16,-2.220446049250313e-16,-1.1102230246251565e-16,4.11375585450276e-17,3.1063856004771176e-17,7.020105895682754e-17,-0.061694467486569246,-0.20866710742506756
201,-3.6263707504805824e-16,8.946811202111265e-17,1.9392386910798142e-17,6.211436967928358e-16,-1.9052966005257785e-16,3.600277143549708e-17,2.220446049250313e-16,-3.3306690738754696e-16,0.0,2.2689870745556836e-17,-1.2364333918410884e-16,3.597965362588226e-18,-0.08667759632746135,-0.2185256645223163
202,-1.4948259050306978e-15,1.2424587893480965e-15,2.3760474551590948e-15,3.2134662649105637e-16,4.2840072907115783e-16,-9.800333762763251e-16,-8.881784197001252e-16,-1.1102230246251565e-16,4.440892098500626e-16,-1.3968976984790418e-15,9.421589701402781e-16,7.75724747106302e-16,-0.04394081951183588,-0.15389739358052226
203,-4.417730775313134e-15,-7.180293619035528e-15,-7.351381423202235e-16,-3.991499814783388e-15,1.709024966998724e-15,3.012169910391548e-15,-1.7763568394002505e-15,-6.661338147750939e-16,2.220446049250313e-16,-7.77157239557274e-16,2.8434067299843583e-16,2.474561554001486e-16,-0.03745874209529611,-0.23938042765829715
204,-1.3451450194352307e-15,-4.8977143539168085e-15,-8.224716554346353e-16,1.7196472640446395e-15,-6.175577432951982e-17,-1.6835533209326248e-15,8.881784197001252e-16,0.0,8.881784197001252e-16,-2.0043396615709492e-16,-7.67346597078597e-16,2.843496316285843e-16,-0.005430888461533728,-0.17030930192772437
205,-2.2883662581392474e-16,1.0018481873849957e-15,7.174958885149743e-16,7.130048937106309e-16,-2.028121063548379e-16,8.303289216340588e-17,-5.551115123125783e-16,4.440892098500626e-16,2.220446049250313e-16,2.9907818938777506e-16,-1.4037317502126613e-16,1.3389970688480196e-16,-0.04814968072392987,-0.21614058472807843
206,-9.368543705779515e-16,-4.76739944145762e-16,-4.2225054053568537e-16,2.398807258104844e-16,-5.288147366171443e-16,-2.669479017877678e-16,-1.1102230246251565e-16,2.220446049250313e-16,2.220446049250313e-16,6.624465356926655e-17,-2.792695698288712e-16,-9.758052763147805e-17,-0.06409438686167654,-0.10652421151129954
207,-6.068201156974042e-16,-3.768814771311813e-16,4.890776734732944e-17,7.974376432235105e-16,-4.2910081063209547e-16,2.3845794696154384e-17,-2.220446049250313e-16,-1.1102230246251565e-16,2.220446049250313e-16,3.1994266989998106e-16,-2.1776386698071674e-16,-1.3830035474023192e-17,-0.08646330199037858,-0.2305824640168882
208,-4.104716503719725e-16,-7.064712842839334e-16,-1.2820855904605491e-15,-3.5714630353918656e-16,-3.9171052957348067e-16,4.053574762990482e-17,2.220446049250313e-16,2.220446049250313e-16,-1.1102230246251565e-16,-1.9130644634255643e-16,-2.9218244752723626e-16,-4.340190698292897e-17,-0.08554919581057976,-0.2181751494108402
209,-1.4074444190179694e-15,-1.2669814108924536e-16,-8.560195115569975e-17,-9.245178980464809e-17,-6.466236891530495e-16,-7.867203649811611e-17,-3.3306690738754696e-16,4.440892098500626e-16,2.220446049250313e-16,4.665568116061489e-17,-3.7869568552229835e-16,-7.310175035724875e-17,0.005710354058805933,-0.25264837140781604
210,-6.515142779766464e-16,-8.4090882638969e-16,-1.7894987785897182e-16,7.109962299999022e-16,-6.701883004997588e-16,2.175733824551593e-16,-2.220446049250313e-16,-1.1102230246251565e-16,2.220446049250313e-16,3.179292837083072e-16,-3.2219210056939717e-16,-1.0120789537671985e-19,-0.02593320219535303,-0.16995636176521492
211,1.4633243103843994e-16,-2.1110691129188212e-17,-2.6635327668775384e-16,8.338005357242943e-17,-9.203954587536052e-17,-1.2118940008832544e-16,2.220446049250313e-16,0.0,0.0,-3.941093738650265e-17,-1.0631484053554497e-16,-5.598557373227634e-17,-0.02879730078524955,-0.11642734627610286
212,-1.3172315089330582e-15,-8.585364537416352e-17,-1.2693486377708683e-16,1.7522330664037407e-16,-5.510391035383338e-16,-2.2612563912165277e-16,-3.3306690738754696e-16,2.220446049250313e-16,2.220446049250313e-16,-1.0866548959364334e-18,-2.54272998162169e-16,-5.34169348172291e-17,-0.017401658938094797,-0.2301727849696505
213,-5.457561223234335e-16,-5.420753874020026e-16,-3.4164602186911536e-16,4.251652230397586e-16,-1.2155009639903457e-16,2.262606289158207e-17,0.0,0.0,2.220446049250313e-16,2.8013314159322175e-16,-2.492307746480547e-17,3.7166404191036764e-17,-0.07649821714240199,-0.21756395399390183
214,-2.236846599531323e-16,-4.775825090497356e-16,-1.1862809187208374e-16,5.244308302303818e-16,-4.0136580729353264e-16,2.6996503139165943e-16,-1.1102230246251565e-16,-1.1102230246251565e-16,2.220446049250313e-16,2.889566169170303e-16,-2.222438853834058e-16,1.345823195471261e-16,-0.055621192360736635,-0.09301233893548883
215,-1.6593967456517223e-15,-1.895473524728201e-15,-7.539230198333309e-16,3.523038485346485e-16,-4.582612993492802e-16,4.1214424275381827e-16,-1.1102230246251565e-16,-2.220446049250313e-16,2.220446049250313e-16,1.1983450591049753e-16,-2.290785554977022e-16,1.2724351475967878e-16,-0.03243460038965386,-0.1000951861973682
216,-9.225990795963537e-16,-4.3920371363202786e-16,2.2428233076601933e-16,8.062131502334088e-16,-2.1336050135124545e-16,1.1300409587050356e-16,0.0,0.0,2.220446049250313e-16,2.0616835334660984e-16,-1.6596333845663146e-16,5.348266467947968e-17,-0.0751903921660186,-0.157968129324135
217,2.4696515114397228e-15,7.368244709747484e-16,-1.2947861397321174e-15,-5.660379876178444e-16,-2.1854218872187056e-15,-1.1061584781435635e-15,1.5543122344752192e-15,0.0,0.0,-2.663217389962444e-16,-1.046137282690913e-15,-6.126888730123887e-16,-0.025640987800868858,-0.2105290629258144
218,9.675813217321196e-14,3.098440163089581e-14,7.525711582842886e-14,5.641915883571511e-14,-8.414953414510219e-14,-4.6650559728455783e-14,-2.220446049250313e-16,0.0,0.0,-1.994452737317282e-15,-1.1643050514777326e-15,0.0,-0.08618815885396158,-0.24606278735742712
219,6.499003916332396e-15,1.2124679119724034e-14,6.967785827217928e-15,4.634785256490253e-15,-1.4017512811414394e-15,-3.175479086031835e-15,-2.220446049250313e-16,0.0,0.0,4.994402244690327e-16,-1.877336448572831e-16,0.0,-0.0861881588539616,-0.2460627873574271
220,2.002143087915664e-15,5.354556642447432e-15,3.682148738414069e-15,2.2294441753093315e-15,-1.2602980423551318e-15,-1.9338935389943373e-15,-3.3306690738754696e-16,0.0,0.0,-8.515805966583065e-17,1.257463094013488e-16,-5.300159206953673e-31,-0.08673365749281328,-0.21537150637104735
221,3.77285476046557e-15,5.793828784235239e-15,2.382743954052931e-15,4.98037888129243e-17,-4.245817558175984e-16,-2.16471895173812e-15,6.661338147750939e-16,2.220446049250313e-16,-3.3306690738754696e-16,-5.139846750122364e-16,-2.078466213075224e-16,9.412618730778683e-17,-0.08618815885396161,-0.2460627873574271
222,3.193488455793955e-15,9.95028125738733e-15,3.779416580724144e-15,-5.333412072389011e-16,-2.108957849006237e-15,-9.100769857123938e-16,2.220446049250313e-16,1.7763568394002505e-15,2.220446049250313e-16,-6.222887070820248e-16,-8.066241699909752e-16,-3.078102269818664e-16,-0.0861881588539616,-0.24606278735742707
223,-6.672710613881068e-17,-6.560400492152771e-15,1.813148736923909e-16,4.713780150741521e-16,-6.254374463826153e-16,-7.159111603449158e-16,4.440892098500626e-16,-3.3306690738754696e-16,6.661338147750939e-16,2.0103397879090715e-16,-3.0548467755596794e-16,-4.2786107373529545e-16,-0.08688423601246516,-0.206899537189093
224,-1.4879319491003228e-16,1.775787287995533e-15,3.2204489492634953e-15,-1.1993975477417094e-16,-8.179470854889388e-16,-3.1884648131304932e-15,-4.440892098500626e-16,6.661338147750939e-16,2.220446049250313e-16,-2.107270456263753e-16,-2.989629375399516e-16,-1.3313477279844849e-15,-0.08607953844737905,-0.217584102440697
225,3.608971519106077e-15,3.153306021070768e-15,4.043638440149085e-15,-1.0809197007587888e-15,1.182632376138102e-15,-5.250014177348322e-16,4.440892098500626e-16,-1.1102230246251565e-16,-1.1102230246251565e-16,-9.676128744776102e-16,3.8105058394858626e-16,6.015987206839144e-16,-0.0861881588539616,-0.2460627873574271
226,1.1644999582156025e-16,-1.2298940714269551e-15,3.806368477823682e-16,-5.393285847370376e-16,-6.57096673199124e-17,2.4234392869807115e-16,-1.1102230246251565e-16,-5.551115123125783e-16,0.0,-2.207304706173788e-16,-1.100369113449362e-16,2.8854731789099384e-16,-0.08741821682496305,-0.21529988209571663
227,2.371822218823603e-15,9.009120190971302e-15,4.1417232307810236e-15,-2.5660565781594415e-16,7.255418316406241e-16,-4.4190030910838e-15,0.0,0.0,0.0,-3.801093928689471e-17,1.85450679297935e-16,0.0,-0.020349949617376722,-0.22903825084273033
228,3.1474498741581055e-16,1.3660524361890585e-15,6.59811388546023e-16,1.226561073890879e-16,-2.0470419178511496e-16,-8.818768202587022e-16,0.0,2.220446049250313e-16,0.0,-2.870867777744478e-17,-1.3953813947828113e-16,-1.9889683756823885e-16,-0.037051278903070445,-0.20946347654414665
229,-5.307243843208761e-16,1.8623809163543092e-15,3.707063175206329e-16,4.1889061505174166e-19,-4.725256448027703e-16,-5.492755046370209e-16,-4.440892098500626e-16,4.440892098500626e-16,0.0,-7.864528048162961e-17,-3.1919787184656085e-16,-5.221562065679862e-17,-0.0049253523942978245,-0.24908374737421682
230,-1.2471099211454143e-15,-1.7028322677616134e-16,2.288677054472061e-16,5.684565245741571e-17,-8.374495721733379e-16,7.306615237348786e-17,-2.220446049250313e-16,2.220446049250313e-16,2.220446049250313e-16,5.97153912379793e-17,-4.593924934537952e-16,-6.398726887040653e-17,-0.06638538440282674,-0.11910562088813818
231,-6.769184550272541e-18,4.0826538397203473e-16,-9.409864072597351e-17,8.633942443733717e-16,-3.840299300060811e-16,6.740176772476698e-16,-1.1102230246251565e-16,0.0,-2.220446049250313e-16,3.955448940729831e-16,-1.3993926319972011e-16,2.938017717211303e-16,-0.0535261469066494,-0.1869088445733902
232,-1.6510489744452997e-15,7.212984715064411e-17,6.984396746502199e-16,4.015238142575626e-16,-7.11904589382331e-16,-1.0825088707906695e-16,-3.3306690738754696e-16,0.0,4.440892098500626e-16,1.3397014167465155e-16,-4.759957354636192e-16,-5.639313937304921e-17,-0.04243658877648929,-0.1920617156529921
233,1.3523358978987359e-16,2.905577548556769e-17,8.701984864695746e-16,-9.881631500274484e-17,-1.3300554983065679e-16,3.10079057264817e-16,2.220446049250313e-16,-1.1102230246251565e-16,2.220446049250313e-16,7.845376879691439e-17,-2.3901179068365884e-16,-4.784778034470093e-17,-0.08219377143322774,-0.14089828808406496
234,-1.7609154995580501e-16,-8.559310393782129e-16,5.083804651986253e-16,1.1190364783503782e-15,-4.786920039800497e-16,3.9988542367126223e-16,-1.1102230246251565e-16,-5.551115123125783e-16,0.0,5.858475904776425e-16,-2.256414911649894e-16,4.123617482210087e-17,-0.07886298278809076,-0.06590450001403846
235,-9.02505810881989e-16,1.4506007401811666e-15,-1.5616305644614548e-16,-9.165516914077998e-16,-1.2440535299529256e-16,-5.374977750120407e-16,-4.440892098500626e-16,4.440892098500626e-16,0.0,-4.630296308448321e-16,-2.168814680344928e-16,-6.020974923047328e-17,-0.08618815885396158,-0.24606278735742712
236,-6.566575197855376e-17,8.586097152022772e-16,1.2456238689875998e-15,2.505136666408609e-16,-4.128746273811716e-16,-6.371077355013297e-16,0.0,0.0,2.220446049250313e-16,1.0926037445964184e-16,-4.768584127582521e-16,-1.1812324420390245e-16,-0.08392686603505312,-0.19504434421793226
237,-1.7419495570097684e-16,1.0207163463464972e-15,8.376501895293513e-16,2.9102441928099286e-16,-4.983816217630152e-16,-7.267557234481395e-16,-2.220446049250313e-16,-1.1102230246251565e-16,2.220446049250313e-16,1.3040126768179035e-18,-3.6866089455183845e-16,-1.2223579523405736e-16,-0.029875635758735985,-0.10613433792989992
238,-4.918548810820111e-16,-6.307446093154497e-17,2.087220925777198e-16,9.480554131403678e-16,-5.262523886504922e-16,6.255476855970099e-16,-1.1102230246251565e-16,-1.1102230246251565e-16,2.220446049250313e-16,5.399946167201559e-16,-2.7049260572179216e-16,2.2048471497277488e-16,-0.037887019141394425,-0.024878776625360324
239,-6.113059824744781e-16,4.84625782562669e-17,5.613321470395593e-16,4.179095419805929e-16,-7.030893096690031e-16,-2.0713457726294566e-16,-2.220446049250313e-16,-1.1102230246251565e-16,2.220446049250313e-16,-2.90676542116758e-17,-4.1618521045709055e-16,-4.9617962308350067e-17,-0.03291287114364642,-0.05831442631058027
240,-4.744993801214263e-16,3.015146137291857e-16,7.356945040467602e-17,4.325847718897692e-16,-5.284143855476887e-16,7.798032101689414e-17,0.0,-1.1102230246251565e-16,0.0,5.4745959993599696e-17,-3.650388617589977e-16,-4.41967617486573e-17,-0.05060070043769312,-0.05879056125812618
241,1.9338309950744864e-16,-2.033191783765124e-15,7.874512178995994e-17,1.2715645768682743e-15,-3.0574971051266615e-16,4.625910087411966e-16,8.881784197001252e-16,-1.1102230246251565e-15,4.440892098500626e-16,6.477824276762757e-16,-2.6308322181264527e-16,1.1531772773395877e-16,-0.04064971818606764,-0.036114683001051535
242,5.390038143565037e-17,-2.7730228129972483e-16,-2.6828341733728636e-16,7.583549555302682e-16,-1.967785792016607e-16,3.210421578394898e-16,2.220446049250313e-16,-1.1102230246251565e-16,0.0,3.8527158050681676e-16,-4.271304692742447e-17,-1.3266789073995796e-17,-0.06516200646135019,-0.129542638262096
243,-1.700651199639512e-15,1.7746067388684822e-16,2.5868234615622615e-16,9.494198968915466e-16,-1.2201903365954672e-15,5.329945552778495e-16,-2.220446049250313e-16,4.440892098500626e-16,4.440892098500626e-16,4.869812591447051e-16,-6.108355167931398e-16,2.4141890358937686e-16,-0.062376456210188114,-0.11962498309303907
244,-5.906641407000693e-16,-6.507052248483622e-16,1.6166936859841314e-16,4.2940924385514254e-16,-5.340012240114217e-16,1.9555360448024288e-16,-2.220446049250313e-16,0.0,2.220446049250313e-16,1.4937344628737674e-16,-2.788602726478297e-16,6.503384639861187e-17,-0.03480727614496671,-0.017084588800726514
245,-6.691401734936814e-16,-8.473401321840305e-16,5.338580950515791e-16,3.9062440037833367e-16,-5.4032903548696445e-16,-1.4225084050333598e-17,-1.1102230246251565e-16,0.0,4.440892098500626e-16,7.005470080409207e-17,-3.5291092744110634e-16,1.3191731673469286e-17,-0.049085630655037016,-0.0709379303084508
246,-9.624748850462485e-16,-1.1695171116966637e-16,-1.006533503862864e-16,5.005729130097203e-16,-5.268488700704776e-16,-4.636796014043096e-17,-1.1102230246251565e-16,2.220446049250313e-16,2.220446049250313e-16,2.2755174707426355e-16,-3.0290217068187757e-16,-4.042506455184552e-17,-0.0755674188199034,-0.15488186368520673
247,1.808814893161393e-15,-5.360436833006093e-16,-3.8840093823066717e-16,-1.2117657481691887e-15,-4.4976151449601033e-17,6.321583030765658e-16,1.1102230246251565e-15,-5.551115123125783e-16,-1.1102230246251565e-16,-2.641077009661331e-16,-1.9138334639191783e-16,1.4234514928494216e-16,-0.04037716905906218,-0.02919215806281782
248,-2.7374869828414357e-16,1.1509315978417594e-15,1.259313893573575e-15,-1.3669535242086002e-15,1.218634158848307e-16,-1.0448303968861441e-15,-4.440892098500626e-16,4.440892098500626e-16,4.440892098500626e-16,-7.424447940487655e-16,-1.253872111808739e-16,-5.190470834610322e-16,-0.02978522579218811,-0.01210391644287941
249,5.551787958117472e-16,5.770869695281697e-16,-3.5103565945294175e-16,7.05501362147441e-17,2.0830918322634634e-16,2.2641034687371736e-16,2.220446049250313e-16,-2.220446049250313e-16,-3.3306690738754696e-16,9.34895839131865e-17,3.8682110239101876e-17,-1.4029907523997684e-16,-0.039630294930819425,-0.03234121164766922
250,7.073355669536594e-16,-4.598477523079537e-16,-1.6548972271495632e-16,8.896700194989558e-18,3.043338061884824e-17,8.332624598624128e-17,2.220446049250313e-16,-2.220446049250313e-16,-1.1102230246251565e-16,1.4258589946089977e-16,9.094055111112348e-17,2.4037925423732823e-17,-0.08075823981551151,-0.05655088837663803
251,9.985402263203705e-16,2.416765951336264e-16,1.3901311620461172e-17,3.0064732879328266e-17,2.839993387693673e-17,2.361721595790491e-16,2.220446049250313e-16,-2.220446049250313e-16,-2.220446049250313e-16,6.759055516749188e-17,1.5099743305918375e-17,5.202926808562641e-17,-0.06635246502976558,-0.060729369402074664
252,7.954776348183633e-16,6.089076341835154e-16,6.633633508036841e-17,4.477805572495272e-16,3.1795151546363176e-17,-2.310346105939331e-17,2.220446049250313e-16,-2.220446049250313e-16,-1.1102230246251565e-16,2.2772508176760877e-16,5.983300621398855e-17,-4.6216059174747933e-17,-0.04126093621874769,-0.0389733429111532
253,6.092704833142954e-16,4.130436894357943e-17,3.4525303367517914e-16,3.9077521198577815e-16,-2.4702736446556476e-16,6.088998832595706e-16,2.220446049250313e-16,-3.3306690738754696e-16,2.220446049250313e-16,2.330485592861904e-16,-1.2627908894483379e-17,1.9997947974616827e-16,-0.09208514132809845,-0.21538982293071807
254,-1.0758342172053973e-15,-1.6221779856132757e-16,3.358574573829828e-16,4.3018061000125026e-16,-4.642734048508797e-16,-2.086986632009029e-16,-4.440892098500626e-16,0.0,2.220446049250313e-16,1.650544079298734e-16,-3.253146958147882e-16,-1.4289052854495505e-16,-0.04656042300186777,-0.24901319162163282
255,5.463863139024771e-18,1.6757081384546379e-16,4.50574433622632e-16,5.124312927509241e-16,-5.061775301946153e-16,5.934150205467375e-17,-1.1102230246251565e-16,-2.220446049250313e-16,0.0,1.0017568783689436e-16,-2.98755759155693e-16,-4.859574489705597e-17,-0.09041227361266609,-0.2052499437122286
256,-2.1795098324706577e-15,3.391124421991253e-15,1.5167346562475136e-15,1.7039711250551459e-15,8.691984069083872e-16,-1.648204921575829e-16,-7.771561172376096e-16,1.1102230246251565e-15,2.220446049250313e-16,6.685920630003122e-16,6.42677281394313e-17,1.1596121934378026e-16,-0.08482804876122985,-0.23250309880830913
257,-4.2584905874410625e-16,-2.948443360689411e-16,2.7134710417835166e-17,1.8722797949146795e-16,-8.27907103151793e-16,-3.030817579097365e-16,8.881784197001252e-16,-2.220446049250313e-16,2.220446049250313e-16,-2.8584345738974304e-17,-9.18491972623083e-16,-1.9809237073359784e-16,-0.08020824560860736,-0.18644573018605456
258,-1.7047079106927278e-15,-1.1254200466599472e-15,3.393415274917873e-16,3.898433595537914e-16,-1.8217327122760376e-16,7.799706612792425e-16,4.440892098500626e-16,-3.3306690738754696e-16,4.440892098500626e-16,-4.958698186477423e-17,-3.6409548475406005e-16,1.0247998795453726e-16,-0.0774068799576153,-0.15851736913451922
259,-2.623887372618783e-15,2.108247687754786e-15,1.622972915590138e-15,4.910571756691455e-16,-7.069474533189787e-16,-2.8462632643521303e-16,-3.3306690738754696e-16,6.661338147750939e-16,0.0,-3.135888731852466e-16,7.821728128968307e-17,3.068552733585507e-16,-0.0861881588539616,-0.24606278735742715
260,8.404647471656651e-16,-4.313182491856075e-17,1.5452321646046587e-15,3.687656373872244e-16,1.0001640839554623e-15,-1.5313778056203411e-15,6.661338147750939e-16,-4.440892098500626e-16,-8.881784197001252e-16,2.2702601076633867e-16,5.575151025454094e-16,-7.221825077862561e-16,-0.0802973551021433,-0.18736697550550208
261,4.826188344751434e-16,1.577288325902727e-16,8.261745602812458e-16,7.218254528757355e-16,-1.1027633910557332e-16,-1.0137031285824646e-17,2.220446049250313e-16,-5.551115123125783e-16,2.220446049250313e-16,3.6428316416351023e-16,-6.956711495397897e-17,-2.6585056695523908e-17,-0.07986165345550664,-0.1626961957938089
262,-4.206747028264653e-16,-8.016983441752202e-17,-7.832818108780675e-16,-4.005253683683981e-16,-4.6462505281989e-16,-5.3155228089696405e-16,-2.220446049250313e-16,-2.220446049250313e-16,-2.220446049250313e-16,-1.2595343937005074e-16,-1.8742827089764402e-16,-2.4331994562001567e-16,-0.07756634378940425,-0.14021883251435177
263,2.767281131522392e-16,-4.1057335915145267e-16,-1.924914774629591e-16,1.5191868727588817e-16,-1.370264113941849e-16,-2.0145205043069264e-16,2.220446049250313e-16,-1.1102230246251565e-16,2.220446049250313e-16,7.483876381996395e-17,-7.754011265914923e-17,-7.527385982925582e-17,-0.06451675734515828,-0.08481282637052591
264,2.2827987780412216e-16,-2.69169630207839e-17,1.9055364831743393e-16,6.475030172237747e-16,-4.702642047375766e-16,3.0861111327987903e-16,2.220446049250313e-16,-3.3306690738754696e-16,0.0,3.827385961030307e-16,-2.361937471833276e-16,2.851318297868633e-17,-0.0774068799576153,-0.1585173691345192
265,8.149219042562375e-16,-2.8732659519408414e-16,5.425232395359455e-16,4.152579799811474e-17,1.8240839424063036e-17,1.263056771621752e-16,4.440892098500626e-16,-4.440892098500626e-16,0.0,1.3385875703539711e-16,7.403577812846307e-18,-8.221441863581547e-17,-0.04126093621874769,-0.038973342911153196
266,-1.811803071290554e-15,-1.3488534447372813e-15,-1.035159776292108e-15,9.534976992147755e-17,-9.21972354930817e-16,5.342459339913094e-16,-2.220446049250313e-16,0.0,2.220446049250313e-16,4.9918015539696236e-17,-4.516232230694244e-16,2.644631607144363e-16,-0.041260936218747685,-0.0389733429111532
267,-1.3901298096382205e-15,-7.395556426979643e-16,-3.6069508305500455e-17,9.54211949520872e-17,-4.863505123167442e-16,1.626657123071759e-16,-2.220446049250313e-16,0.0,4.440892098500626e-16,7.451762825183459e-17,-2.600742903021501e-16,9.981087545810933e-17,-0.041260936218747706,-0.03897334291115321
268,-1.1584076618487528e-15,-8.817019177794146e-16,-9.022884115278599e-16,-1.2176449066621733e-16,-5.644549550222533e-16,-4.714272397875918e-17,-1.1102230246251565e-16,0.0,0.0,-4.950043613143404e-17,-2.849161456276698e-16,0.0,-0.040592741458374215,-0.03625566650176986
269,-2.348840900395187e-15,-1.86738958692475e-15,-1.6443524362227588e-15,-2.1559348758989477e-16,-1.0441258388133566e-15,8.312963828191851e-17,-3.3306690738754696e-16,0.0,0.0,-1.7759649334098122e-16,-4.634546460503906e-16,0.0,-0.040842377027159274,-0.03727098229959342
270,-5.358961790190675e-16,-6.194228620903396e-16,-1.3921090318892017e-16,4.675636826920334e-16,-6.707851207697332e-16,2.460933689276264e-16,0.0,0.0,2.220446049250313e-16,2.1744459944767837e-16,-3.412041002061895e-16,1.3646850709551773e-16,-0.030749549965357635,-0.03461852092327641
271,-5.5819174123256356e-15,-3.156134373243819e-15,-9.170679843856106e-15,-6.5866215627584914e-15,-3.544693843213027e-15,-3.3905110122579642e-15,6.661338147750939e-16,0.0,0.0,4.3933533358740315e-15,2.8087500944680276e-16,0.0,-0.04126093621874769,-0.0389733429111532
272,2.1225073263078284e-15,-2.2002175486263002e-15,-4.2233698814020526e-15,-5.129457406929368e-16,-4.154526457831124e-16,2.1822805165977095e-15,1.9984014443252818e-15,0.0,0.0,2.447233840730907e-16,-4.0359493864021104e-16,0.0,-0.0412609362187477,-0.0389733429111532
273,-1.6233845658333688e-15,-5.051361149687277e-15,-5.190788532510178e-15,-2.5751268323010164e-15,2.3951793006649176e-15,5.221420430695878e-16,1.3322676295501878e-15,-1.9984014443252818e-15,1.5543122344752192e-15,1.1887268559464318e-15,7.040707029923232e-16,-1.1758782920012372e-15,-0.0412609362187477,-0.0389733429111532
274,-1.4770406135102987e-14,-1.3791154502446607e-14,-1.129414864856592e-14,-1.4794616496103202e-14,1.2979169144304683e-14,1.1001091547442454e-14,6.661338147750939e-16,0.0,0.0,4.950342148421511e-16,9.576685095608314e-16,0.0,-0.04126093621874769,-0.0389733429111532
275,2.417442973913264e-15,-6.859080457198754e-15,2.5431951719068303e-15,-3.002942810914677e-15,1.0086829805614914e-15,-1.323895567793771e-15,4.440892098500626e-16,-4.773959005888173e-15,-3.3306690738754696e-16,-1.6074321383349747e-15,1.7674323532561067e-16,-1.2375226272948383e-15,0.0,0.0
276,1.005421412651505e-15,2.5607696521839205e-15,1.2119736809136958e-15,-1.3385960688128365e-15,2.7025760413498697e-15,-9.36951232782403e-16,-1.1102230246251565e-16,6.661338147750939e-16,-4.440892098500626e-16,-8.826707415026056e-16,1.2700157181346674e-15,-2.1812780584911985e-16,-0.08618815885396161,-0.24606278735742712
277,4.4349965418916186e-15,4.3568723752164915e-15,5.2733724575695435e-15,9.063497804380786e-16,-1.6196689187481315e-16,-2.8658647065428856e-15,2.220446049250313e-16,0.0,0.0,2.1656891978707277e-16,-7.846772875029195e-17,0.0,0.0,0.0
278,8.027717096790669e-16,1.2938196789923931e-15,1.3156003578398672e-15,3.790227077560701e-16,-3.503515516606363e-16,-9.495270448373365e-16,0.0,0.0,0.0,7.026158887440293e-18,-8.986113950237514e-17,0.0,-0.14764143617245667,-0.2550589011614196
279,-2.6914894526275097e-17,-1.0884160221107606e-15,2.1714230711504001e-16,-1.7647302391126564e-17,-2.1850925004683663e-16,4.349416683086213e-16,-1.1102230246251565e-16,-5.551115123125783e-16,0.0,-3.236089499603075e-17,-1.5404912321425297e-16,1.6840842942879042e-16,-0.18525906075965942,-0.26056572596538324
280,-3.2409152605371083e-16,-1.895542119621244e-15,-4.724907569849852e-16,-3.6173418187509e-16,4.145851570241756e-17,5.014956872080372e-16,-1.1102230246251565e-16,0.0,0.0,-1.4025566339832823e-16,1.6923336954359955e-17,0.0,-0.08618815885396158,-0.2460627873574271
281,-1.7550655470896692e-16,-1.0549671465614198e-16,1.2520022937626773e-16,5.312345261088065e-16,-5.516182706947039e-16,1.870190676383412e-16,0.0,-1.1102230246251565e-16,2.220446049250313e-16,2.587296183696051e-16,-2.7837194077420483e-16,6.829980476183785e-17,-0.10690034837553161,-0.24909483417732595
282,-1.0592053177247297e-15,2.2226402226913395e-15,2.647011714556546e-16,-2.8151438053798343e-16,-4.2030233083692144e-16,-6.109584428153325e-16,-3.3306690738754696e-16,4.440892098500626e-16,0.0,-2.1911367773923916e-16,-3.5595237388192186e-16,-3.800536817539837e-17,-0.12943943931335733,-0.23527007805761993
283,-7.410189514003368e-17,7.941696797376805e-16,6.503335839863311e-16,6.625458573563452e-16,-8.809601104572382e-16,-1.1361195018212849e-15,-3.3306690738754696e-16,-2.220446049250313e-16,-1.1102230246251565e-16,1.5851888991391714e-16,-4.1110188879586444e-16,-4.674020790953792e-16,-0.08910848925519353,-0.20678472866212239
284,-5.48107959270674e-16,-8.971100002431142e-16,1.6914134667053095e-16,7.236808987371044e-16,-1.029243230824958e-15,3.3057524554888484e-16,-3.3306690738754696e-16,-2.220446049250313e-16,0.0,3.4623510747594233e-16,-6.030258180402151e-16,1.2327420501283793e-16,-0.15060532156158463,-0.22589225806830737
285,2.593128127132439e-16,1.6444536982780459e-15,1.2912821454003017e-15,2.698696278369828e-15,-5.556884164875556e-16,-1.6513630043283829e-15,-1.4432899320127035e-15,4.440892098500626e-16,-1.1102230246251565e-16,8.602382623419512e-16,6.652885681612144e-16,-5.469023250148046e-16,-0.0935720945283352,-0.20707206399180955
286,-2.1324356160683582e-16,-6.646685085808961e-18,7.864970502784224e-16,1.998058246365192e-15,-1.7859151574745156e-17,-5.516554628850389e-16,-7.771561172376096e-16,-4.440892098500626e-16,0.0,1.1354388441301215e-15,1.0490987457912531e-16,-3.20455777749044e-16,0.0,0.0
287,-1.636329611037985e-15,4.984290617831908e-16,2.8138082705636484e-16,3.8255441042711056e-16,1.8222239160957194e-16,-5.762188062110447e-16,-6.661338147750939e-16,0.0,0.0,2.3426568973658088e-17,-2.4582116640881526e-17,-1.0203416105633595e-16,-0.26188413645825953,-0.27178283156662814
288,-1.3143142176518885e-16,-1.0735933666426547e-15,-4.563599973095767e-17,1.2000712905623797e-15,3.227676864914413e-17,2.3902868858985325e-16,-5.551115123125783e-16,-3.3306690738754696e-16,2.220446049250313e-16,1.0136200183481281e-15,-2.9440106408732443e-17,4.0172234109128113e-17,-0.26188413645825964,-0.2717828315666282
289,6.022054476374759e-16,3.764606520918182e-16,4.0840779344582896e-16,1.8568266818915062e-16,-1.787089920361455e-16,-2.9988660266842106e-16,4.440892098500626e-16,2.220446049250313e-16,-1.1102230246251565e-16,4.106562445904058e-16,-2.90921570856818e-16,-2.921746587649878e-16,0.0,0.0
290,-3.1576669777479447e-16,4.664151882100408e-16,4.189775228246549e-16,7.15173997108755e-17,1.5012175512733335e-18,-3.4714670967361874e-16,0.0,0.0,-1.1102230246251565e-16,2.9362127330525994e-16,-6.650268365429376e-19,-3.3280276690226145e-16,-0.12012159485117721,-0.050723506835758936
291,-8.637906647759841e-16,3.4152629884207306e-16,-5.161917870663438e-16,7.001091846289789e-16,-3.6930034850309003e-16,1.4662698012905245e-16,-4.440892098500626e-16,2.220446049250313e-16,-1.1102230246251565e-16,3.976618037307317e-16,-1.8248260055337802e-16,-1.3347049409398784e-16,-0.17519901766037402,-0.034141165099307605
292,2.668624448822673e-16,-4.864726969886478e-16,-2.730881268390327e-17,6.338219503454014e-16,-3.324586248207064e-17,3.657171910027498e-17,4.440892098500626e-16,-2.220446049250313e-16,0.0,3.602894393869333e-16,6.996939335508154e-17,-1.2685882058522755e-16,-0.13304026296929924,-0.048930617825843216
293,-7.107370306558334e-17,3.2767425484646334e-16,-2.0565929391001267e-17,7.100034975331122e-16,-1.5106580064505903e-16,-3.3088937927179833e-17,0.0,-2.220446049250313e-16,0.0,1.2337923217716448e-16,-2.0877157589549678e-17,-1.271949582045473e-16,-0.08538080407701538,-0.13922645327357752
294,-3.985698600469565e-17,6.343320058383506e-16,8.444673886305825e-16,7.299654792759412e-16,-1.1203252625027352e-15,-4.962860070649585e-16,-3.3306690738754696e-16,2.220446049250313e-16,2.220446049250313e-16,2.8882154145962045e-16,-4.860246506687581e-16,-1.9290849162747077e-16,-0.17683811909874855,-0.03372949092744533
295,-3.6417566699954744e-17,4.690560574200295e-15,9.42100140294199e-16,-2.0102066394501843e-15,-2.668568583584796e-16,-2.1155403065446745e-15,2.220446049250313e-16,2.6645352591003757e-15,0.0,-1.3243888154904674e-15,-3.0897333880477807e-16,-3.869296259158126e-16,-0.1542521302268354,-0.05135447627898866
296,1.2935393800944778e-15,-6.099499425528882e-16,-3.029046176148744e-17,2.322738354469642e-17,-1.131555498716191e-16,-6.342070487034864e-17,4.440892098500626e-16,-3.3306690738754696e-16,-1.1102230246251565e-16,-3.278179588082051e-17,-1.0763778977061132e-16,-1.0940488102244962e-16,0.0,0.0
297,1.2866369285415775e-15,-2.8494832628193874e-16,-7.032848558681201e-18,-6.012279900758817e-17,8.552992293124086e-18,-7.230592350033142e-17,4.440892098500626e-16,-1.1102230246251565e-16,-2.220446049250313e-16,5.416382421651699e-17,3.470013845429641e-17,-2.550443143361705e-17,-0.09528105551983258,-0.0672813066305056
298,1.3833787724996374e-15,-8.435254645613873e-18,1.3473079449592087e-17,5.3799144501258704e-17,-6.205740831418677e-17,6.921896784901861e-17,4.440892098500626e-16,-3.3306690738754696e-16,-2.220446049250313e-16,2.9193443549411157e-18,-4.70137082859695e-17,-4.694718182660939e-17,-0.14611513559300876,-0.06352097963259892
299,9.11518016603346e-16,4.690765778664938e-16,-1.2062015833410538e-16,4.2285486533916024e-17,-6.510881111923275e-17,1.7683898375521872e-18,2.220446049250313e-16,-2.220446049250313e-16,-1.1102230246251565e-16,4.89963620557885e-17,-6.546522104462561e-17,-6.187080137613131e-17,-0.07815072909337466,-0.1694978811158325
300,1.5409636232642412e-16,-7.395214721096812e-16,-3.0850513051411776e-16,6.128094038469158e-16,-1.851425289631638e-16,6.454664419449877e-16,2.220446049250313e-16,-1.1102230246251565e-16,-1.1102230246251565e-16,3.549386364954732e-16,-7.872489447607235e-17,-8.069701334768071e-18,-0.0412609362187477,-0.0389733429111532
301,1.5158265735595943e-15,-4.765496172383813e-16,1.0409737533938245e-15,-1.9424605789828113e-17,-1.2074960911687982e-16,3.732030472762961e-16,6.661338147750939e-16,-4.440892098500626e-16,0.0,1.0949123375416668e-16,-1.4998200299784623e-17,4.678869820920989e-17,-0.04126093621874769,-0.0389733429111532
302,-1.0442996027935573e-15,8.97448175957971e-16,1.3814322644080242e-15,1.300388417178357e-15,-1.0551168887665917e-16,-5.103087813318651e-16,-3.3306690738754696e-16,0.0,2.220446049250313e-16,5.141343976739418e-16,-6.370104067856779e-17,-1.4187926024572873e-16,0.0,0.0
303,5.967368250677748e-17,4.2247056019299446e-16,-2.0718466767648613e-16,6.803629373839231e-16,-3.869872617944575e-16,-1.4164502166737881e-16,-1.1102230246251565e-16,4.440892098500626e-16,0.0,4.2578948130081004e-16,-1.0788090995750202e-16,-8.567688605640267e-17,-0.2618841364582596,-0.2717828315666282
304,-5.610260485310606e-16,3.5056022235493166e-16,6.13542214127516e-16,5.627388086393323e-16,-5.476560863410699e-16,1.5870735354763512e-16,-3.3306690738754696e-16,0.0,0.0,2.1266088306513493e-16,-3.032208264588691e-16,4.456617089662742e-18,-0.26188413645825953,-0.27178283156662814
305,1.5273941586579437e-16,1.2276902182710774e-16,-2.913052571818354e-17,8.241233311064792e-16,-3.5151908047461117e-16,-1.4052894600635307e-17,2.220446049250313e-16,-1.1102230246251565e-16,0.0,2.6674150282298445e-16,-1.8447717083817912e-16,-1.0235101826245177e-16,0.0,0.0
306,-5.777153063210918e-16,1.7927136656811598e-16,2.9567270662655396e-16,5.784944535963372e-16,-1.9918346420625019e-16,1.9216266040093396e-16,-1.1102230246251565e-16,0.0,2.220446049250313e-16,2.3694726181053984e-16,-1.6017711647143582e-16,2.2691527580770976e-17,0.0,0.0
307,1.7048774712106e-15,1.4619636333056087e-15,2.6458958576385116e-15,-5.545405195127485e-16,1.2117293534747414e-16,1.0502166120139928e-15,0.0,-5.551115123125783e-16,0.0,1.654289372448996e-17,3.253579557974177e-16,8.657808099928284e-16,0.0,0.0
308,5.497538315885756e-16,2.2038408698235716e-16,9.260723753677151e-16,2.0866167717102244e-16,-7.072562341117794e-16,1.3192924925149258e-15,6.661338147750939e-16,-8.881784197001252e-16,2.220446049250313e-16,5.1597304045515234e-17,-1.4588171306897323e-16,3.830763502832189e-16,0.0,0.0
309,1.1798247789758864e-15,2.1215213710135415e-15,1.5752224158503788e-15,-7.357188755086937e-16,1.3470243223692027e-16,-2.5062411873437086e-17,2.220446049250313e-16,4.440892098500626e-16,-3.3306690738754696e-16,1.1089290038451299e-16,-1.9953842568060313e-18,1.7955571466871307e-16,0.0,0.0
310,3.3685334289854674e-15,7.070959772425893e-15,1.5393939334867652e-15,-3.6631083264057225e-15,-6.421508606654347e-17,4.1254924984074176e-16,2.4424906541753444e-15,-4.440892098500626e-16,0.0,-4.871718737392575e-16,-5.545776493195163e-17,7.043188680340192e-16,0.0,0.0
311,1.1950109028317455e-15,6.845078800467073e-16,1.802286781487807e-15,4.286910017804114e-16,-2.0073548556442126e-16,5.492029258264737e-16,6.661338147750939e-16,-8.881784197001252e-16,2.220446049250313e-16,4.830241838879249e-16,1.0128254601562346e-16,3.663739211908067e-16,0.0,0.0
312,2.1956771142358746e-15,1.664140199652957e-15,3.1380426402104885e-15,-3.965585815045172e-16,7.765660103402582e-17,3.158722122016721e-16,4.440892098500626e-16,-4.440892098500626e-16,2.220446049250313e-16,5.623426619128428e-18,1.7766631026240917e-16,3.852312942335128e-16,0.0,0.0
313,-3.64202576740663e-16,-8.53920099148335e-17,5.277239266586681e-16,1.2958508963985332e-15,-5.537305103458023e-16,4.718962534138154e-16,-1.1102230246251565e-16,-3.3306690738754696e-16,2.220446049250313e-16,4.1443022065363133e-16,-2.647312289800486e-16,1.0230306718432145e-16,0.0,0.0
314,-1.4232675941106264e-15,-9.41663682213806e-16,-5.826309713218158e-16,2.3050946552609777e-16,-9.543510749647573e-16,4.772812515535577e-16,-2.220446049250313e-16,0.0,2.220446049250313e-16,1.2568728002915568e-16,-4.794678469630215e-16,2.2512739475547964e-16,0.0,0.0
315,-5.359445349530286e-16,2.548367808057976e-16,2.267664547269454e-16,4.98366882351081e-16,-5.560354482974936e-16,1.3300791526392724e-16,-1.1102230246251565e-16,0.0,2.220446049250313e-16,1.8420466704367112e-16,-3.225197555537499e-16,1.4287898511811587e-17,0.0675610279041939,-0.0529436315179646
316,8.109975754962925e-14,4.4786700839676256e-14,1.8216299080972647e-14,-5.334452250690242e-14,4.2996626400466294e-14,-3.351850449727191e-14,-5.88418203051333e-15,5.329070518200751e-15,-2.9976021664879227e-15,-6.623218592726955e-15,-6.881297727553079e-15,1.1368268413963676e-15,0.0,0.0
317,3.863770925857614e-15,-4.952508728607063e-15,-1.138513215052743e-14,-1.127477755527051e-15,-2.6086684139499746e-15,6.172201267268248e-15,1.9984014443252818e-15,-4.6629367034256575e-15,1.3322676295501878e-15,1.0073579759752713e-15,-1.873621617590458e-15,1.3686617467238186e-15,0.0,0.0
318,4.309245301250194e-14,3.556479643435847e-14,1.2038156891160704e-14,3.796830226358458e-14,-2.1645325760474752e-14,-2.4840575591882456e-14,-1.9984014443252818e-15,1.1102230246251565e-15,-1.3322676295501878e-15,5.50801722895558e-16,-1.3102591746861681e-15,-5.809608798048366e-15,0.0,0.0
319,6.7965139643736765e-15,-3.782484716121936e-15,3.540222909563993e-15,-9.434956511724303e-17,-1.0482935203308326e-15,3.2689052359170644e-15,1.3322676295501878e-15,-4.107825191113079e-15,8.881784197001252e-16,4.2653942760209456e-16,-1.1412630717197177e-15,1.9351884280975516e-15,0.0,0.0
320,-2.5330126788835185e-15,-7.174839458714143e-15,1.4508812768748589e-15,-2.1420156240808284e-15,1.1079316322760818e-15,-4.838144509407806e-16,6.661338147750939e-16,-1.6653345369377348e-15,2.886579864025407e-15,1.9458708962769532e-16,8.426273690379493e-16,-9.259478731594792e-16,0.0,0.0
321,7.642991314663475e-16,1.5700283991850583e-15,1.0422732231791285e-16,1.9869099391604474e-16,-1.8919967247095622e-16,-6.696479869580482e-17,0.0,4.440892098500626e-16,-1.1102230246251565e-16,6.271702715692872e-17,-1.1539399214006565e-16,4.561471476061257e-17,0.0,0.0
322,3.3879251180601645e-15,-3.681860438060841e-15,-6.386253308441702e-15,2.2514909985465175e-15,-2.1934792744718987e-15,2.350372140922211e-15,1.3322676295501878e-15,0.0,0.0,2.6360285448675154e-15,3.866012222490893e-17,0.0,-0.04586334979953,-0.16029033658584022
323,-8.411242575406309e-16,2.2664909599039176e-15,7.590659866956438e-16,1.1855919633382502e-16,1.130410158272738e-16,-1.451183908699439e-15,-3.3306690738754696e-16,4.440892098500626e-16,0.0,8.765491279668932e-17,-6.523721240743172e-17,-5.656806431060268e-16,0.0,0.0
324,-3.4521304849925724e-16,1.5617083666532566e-17,-2.7861238954051595e-16,4.477824589772459e-16,-1.106284890134269e-16,6.964655652102538e-17,-1.1102230246251565e-16,2.220446049250313e-16,0.0,2.822283605675301e-16,-3.24859631208925e-17,5.569245667166854e-17,0.0,0.0
325,4.827493421774762e-15,1.5625392065693892e-14,7.235234641845605e-15,3.226820059263916e-15,1.1594303855560966e-15,1.1151618186407487e-14,2.220446049250313e-15,-1.4432899320127035e-15,2.6645352591003757e-15,-5.755561551843187e-16,-1.893273920439596e-15,2.96812979788014e-16,0.0,0.0
326,3.340661288218097e-16,1.1431750567602701e-14,8.329317411730787e-16,-5.422359346323237e-16,7.652327523196129e-16,1.4690996825903291e-15,0.0,-7.771561172376096e-16,1.7763568394002505e-15,-1.6854293455081652e-15,-2.824542302405742e-16,6.065046638852218e-16,0.0,0.0
327,6.678872034622671e-16,-3.733855273445228e-15,-3.576550190581369e-15,2.0453116439599064e-15,1.9612375404062e-15,-5.3031842279505555e-15,-3.3306690738754696e-16,-3.3306690738754696e-16,8.881784197001252e-16,7.795692979669686e-17,2.6539838426931993e-16,-2.8035381113700693e-16,-0.19729323687165073,0.2319495101700308
328,1.5091773368374638e-15,1.323664727864241e-15,2.2405052945552507e-15,1.917211775311349e-15,3.5053102386210365e-16,1.640514483206923e-15,-9.992007221626409e-16,-5.551115123125783e-16,1.7763568394002505e-15,1.859537930548876e-17,-3.2622496447708614e-16,1.0218380260826509e-15,0.0,0.0
329,-6.000488325661588e-17,-8.270469749509805e-17,-7.135479037585616e-17,1.372258205408372e-16,-6.44551467239598e-16,2.6609899499911917e-17,0.0,0.0,0.0,6.755632065937621e-17,-3.2265781262618797e-16,-1.3166795725254956e-31,0.0,0.0
330,-5.47912119715609e-16,-7.750695018959723e-17,7.515441141151067e-17,8.32547091650202e-17,-5.942784127209758e-16,4.3659035789401556e-16,-1.1102230246251565e-16,2.220446049250313e-16,2.220446049250313e-16,4.369604919101806e-17,-2.916143344182826e-16,1.9847373888858705e-16,-0.19729323687165073,0.23194951017003082
331,-1.0700483782746391e-15,-2.520382832891135e-16,-3.3046962540246144e-16,-1.2023984958196378e-16,-8.776338668731152e-16,4.253152206584909e-16,-1.1102230246251565e-16,2.220446049250313e-16,2.220446049250313e-16,-6.576455703292637e-17,-4.391179562012069e-16,2.000200541682666e-16,-0.19729323687165073,0.23194951017003082
332,-7.138618773267899e-16,-2.696678237281882e-16,-2.6009057174804866e-16,2.3393896137370588e-17,-4.765699204816181e-16,-1.9876996587359433e-17,-1.1102230246251565e-16,0.0,0.0,1.0567261070784811e-17,-2.5709685619983293e-16,0.0,0.0,0.0
333,-1.8814191318568944e-14,-7.43779223243473e-15,3.707046932633912e-15,-1.0212243213492603e-14,2.520374245036132e-15,1.1561675074090042e-14,-7.327471962526033e-15,1.1102230246251565e-14,-3.885780586188048e-15,7.719981624896298e-15,-1.567230167344622e-15,-5.298344357793474e-16,-0.1972932368716507,0.23194951017003082
334,-4.4805388759005856e-14,1.9765071328481337e-16,7.463649040419832e-16,1.3256732611195307e-14,1.5943042935776244e-14,2.399268722613321e-16,-4.3298697960381105e-15,0.0,0.0,8.800659835201538e-15,2.4442080419574104e-17,0.0,-0.19729323687165068,0.23194951017003082
335,2.1320476645870274e-14,3.459957954797306e-15,-2.8653106174280514e-15,8.393434570381337e-15,5.903198230305182e-16,9.012642288999567e-15,0.0,1.3322676295501878e-15,-4.440892098500626e-16,2.7718464493698024e-15,8.430076115958963e-16,-2.718755724072187e-15,-0.19729323687165068,0.23194951017003076
336,4.072327535291417e-14,3.3829454646724522e-15,2.850918631177209e-14,1.1474896612009455e-14,-2.2703706795284807e-14,-6.507063773227388e-15,4.884981308350689e-15,0.0,0.0,-2.6569775380547693e-15,1.9109401418264846e-15,0.0,-0.1972932368716507,0.2319495101700308
337,-1.017440225158926e-17,-2.129263927594237e-15,4.93633149270537e-16,-2.2713675377010066e-15,-1.1419468372971225e-15,-9.196524706838414e-16,-3.3306690738754696e-16,-1.2212453270876722e-15,-2.220446049250313e-16,-1.1184931187079434e-15,-6.324123480603007e-16,-5.0231536487497e-16,-0.19729323687165076,0.2319495101700308
338,9.348165913620586e-16,1.0610730302818955e-15,9.405168299661042e-16,-3.7310562970938804e-16,-2.8678256607630134e-16,-1.5439761416703925e-16,-1.1102230246251565e-16,0.0,0.0,-1.2791610918357302e-16,-1.996975093641517e-16,0.0,-0.1872808813794584,0.21179807796223957
339,-7.476383627321258e-15,-3.2992270553560748e-15,-2.9709588068650556e-15,-1.2354207147966608e-16,-2.538109303871134e-15,1.963727685971791e-15,0.0,0.0,0.0,-9.218940956658614e-16,-2.2661462323163965e-16,-9.387559436743233e-31,-0.11804126124204249,0.07244250749928609
340,-6.225231357430967e-16,3.8238386764397836e-16,-9.128471620566814e-17,5.42644239239832e-16,-3.804370780516836e-16,-2.4131992522087426e-16,-1.1102230246251565e-16,2.220446049250313e-16,0.0,2.5348165505843643e-16,-2.076272740785286e-16,-1.3483579494343478e-16,-0.12441876447672937,0.08527823074033346
341,-3.2490203283577356e-15,-7.813584770632342e-16,-8.98141973658971e-16,5.950134292521105e-16,-1.0174207537529536e-15,4.362455186330317e-16,-4.440892098500626e-16,4.440892098500626e-16,2.220446049250313e-16,5.628883612455062e-17,-3.217821771937467e-16,-3.0671533511219085e-17,-0.11804126124204253,0.07244250749928612
342,-1.1139157402832501e-15,-2.748008472260733e-16,-2.6269337046790064e-16,2.6160956616860257e-16,-5.531348435172566e-16,1.1896163172387821e-17,-2.220446049250313e-16,2.220446049250313e-16,2.220446049250313e-16,1.152541673274851e-16,-2.693773162722664e-16,-5.707369041015454e-18,-0.1180412612420425,0.07244250749928612
343,-2.1855204283815864e-15,-1.6538506650791984e-15,-2.0355141511895607e-15,-5.833739234991844e-16,-1.1297459958081539e-15,5.096664134167936e-16,0.0,0.0,0.0,-3.547200229461359e-16,-6.378364981249533e-16,0.0,-0.12504896399963855,0.08654660589672802
344,-2.331384997947676e-16,3.944858691685272e-16,-4.554681290201886e-17,3.080095964776696e-16,-6.642246302266941e-16,1.4859160804969605e-16,-1.1102230246251565e-16,2.220446049250313e-16,0.0,1.4885241384477644e-16,-3.298792067160325e-16,5.733981122495258e-17,-0.14478740837773518,0.1262733139708314
345,-7.160898081967239e-16,-1.6222282534020655e-15,-1.2785533516999659e-15,-3.4205856189628977e-16,-7.984011150937253e-16,4.1904880753340337e-16,2.220446049250313e-16,0.0,0.0,-3.716907261211116e-16,-4.878636367453385e-16,-2.2186712959340957e-30,-0.13254312117774159,0.10162976993808058
346,-1.831646395855685e-15,4.803910344027661e-16,6.127958243383352e-15,-4.021348623024272e-15,-8.29078384459497e-16,-1.4216234537081347e-15,-7.771561172376096e-16,-1.6653345369377348e-15,3.1086244689504383e-15,-1.815844688384845e-15,5.4448165584969e-16,2.702856996577944e-16,-0.12413169048629707,0.08470044941192104
347,-8.368293589382232e-14,-8.239449483261988e-14,-4.102459838878999e-14,-1.4113655868660837e-13,5.391764247709773e-14,7.111276172706398e-14,4.884981308350689e-15,1.3322676295501878e-15,6.439293542825908e-15,-4.1088911694496245e-15,-5.849556325547279e-15,-9.296904542313872e-15,-0.13658458584719094,0.10976385001245467
348,1.00652182709782e-13,8.758958106401796e-14,1.6978488547899032e-13,-1.1150224087112887e-13,-1.3369753201007704e-13,1.73130028223073e-13,2.55351295663786e-14,-2.042810365310288e-14,2.55351295663786e-14,-1.5969221669160854e-14,-2.679024808034004e-14,1.855846917147329e-14,-0.11804126124204253,0.0724425074992861
349,3.578971109823073e-15,-3.11644151603417e-14,1.761068908265656e-14,-1.8147938137581686e-14,-4.369261468035952e-15,3.096824651689995e-17,2.4424906541753444e-15,-2.0539125955565396e-14,8.881784197001252e-15,-7.2362124982438e-15,-4.634165144675604e-15,2.7961480013222893e-15,-0.15985413849933555,0.15659746605225483
350,3.8528095429701414e-15,6.353902734476536e-15,-1.4718813641419465e-14,3.651150769188601e-15,-8.97167444916507e-16,9.133894962119096e-16,-4.9960036108132044e-15,-4.440892098500626e-15,-1.609823385706477e-14,-8.580559455291261e-15,1.2273892413720332e-14,1.0065829952696487e-14,-0.14783437646807313,0.1324058140563136
351,3.5953352858884614e-14,1.9421505075243885e-15,-1.1150934617224133e-14,-1.9526376456086586e-14,1.455633820643731e-15,4.4244364121820165e-15,-9.992007221626409e-16,4.6629367034256575e-15,-2.886579864025407e-15,-5.392886641543222e-15,5.425273620546519e-15,-2.2559097463660543e-15,-0.15577540740033632,0.14838838145678807
352,-5.161723810932505e-14,-3.533419944929451e-16,-8.63575732506328e-15,1.1106876148623532e-15,-1.166201352356331e-13,8.607144763232518e-16,2.6423307986078726e-14,0.0,0.0,2.4885743676966137e-16,-2.3195379287637802e-14,0.0,-0.044977461279882384,-0.18680492114286099
353,-3.985647262583299e-15,4.272543448988625e-15,6.47552647142452e-15,-5.586847471232098e-15,2.5509587030950794e-15,1.211000797623096e-15,-7.771561172376096e-16,1.9984014443252818e-15,3.552713678800501e-15,-3.2058711391929274e-15,1.2072049089408736e-15,1.1388367049469035e-15,-0.05526247481110054,-0.07598802121475669
354,-6.498568801763988e-15,4.3239511399899824e-15,1.085237439480813e-14,1.5563208164104694e-14,-1.5604699084691986e-15,6.431487932384189e-15,2.19824158875781e-14,0.0,0.0,4.744847651320831e-15,-1.4222479650278716e-14,0.0,-0.06418044856502915,-0.13509448112852354
355,-7.608747900453074e-15,-7.956187431649642e-17,-5.562118044076923e-16,-1.2906071021979084e-14,-1.222773309123781e-14,8.715910265796434e-17,4.440892098500626e-16,0.0,0.0,-6.185165061849771e-15,-5.814818390414605e-15,0.0,-0.07934498268082492,-0.1632283026659718
356,-5.247575829188233e-16,-3.9243893069539353e-16,-9.838731665190734e-17,6.677887145822718e-16,-3.6293910843963836e-16,2.07187535875638e-16,0.0,0.0,0.0,3.848502915457835e-16,-2.290925564635185e-16,-2.8476867588370756e-17,-0.07461648340649728,-0.13944003789966902
357,4.771538486855758e-15,1.013903021082144e-15,9.356263084152819e-15,1.6776483774203888e-15,-9.972781430086175e-15,3.7573926252154786e-15,3.3306690738754696e-15,-8.881784197001252e-16,3.9968028886505635e-15,1.2296257389107608e-15,-1.5909725941424538e-15,2.6292424003285902e-15,-0.030484407621119793,-0.21652308091847736
358,-2.495900858295722e-15,-3.749885964860715e-16,8.582249754038248e-16,1.7657404291157994e-15,-1.127094125496689e-16,-6.906393725416051e-16,2.220446049250313e-16,-2.220446049250313e-16,2.220446049250313e-16,8.040233287483798e-16,-1.2869470401976525e-16,-5.534981116197415e-16,-0.08394052280810892,-0.1955247133506023
359,-9.046466325670128e-16,1.0101961747249327e-15,6.752971626883619e-16,7.070453117103528e-16,-5.930939853746299e-16,-5.763263834697042e-16,-1.1102230246251565e-16,2.220446049250313e-16,0.0,6.267345047878255e-16,-1.885014389586355e-17,-3.703238502093762e-16,-0.07230504156932334,-0.142802985417071
360,-9.897843589799794e-17,-2.736072370981977e-15,-2.60564438699874e-16,1.3335572440798955e-15,-4.405002788580595e-16,1.230657848814258e-16,1.1102230246251565e-15,-1.1102230246251565e-15,2.220446049250313e-16,8.861395126458847e-17,-2.067706578176592e-16,-7.423737012366539e-17,-0.06039446895057089,-0.050864023971023464
361,2.557595691233818e-15,7.262966149095905e-16,2.573936795065222e-16,-1.4674635546321924e-15,-2.68430362352197e-16,-1.2081033217567487e-15,6.661338147750939e-16,0.0,-4.440892098500626e-16,-6.906376011981277e-16,-6.457212565455895e-16,-7.763350385448657e-16,-0.0574845184636473,-0.13770543121134587
362,3.4027989469422583e-16,2.9147819313836033e-16,-1.8135447903480383e-17,4.903506677761668e-16,-9.391817403865641e-17,-2.937286220363871e-17,-1.1102230246251565e-16,2.220446049250313e-16,0.0,4.0609026761206076e-16,-3.7408580915928435e-18,-1.5940002663112238e-16,-0.04669502410699573,-0.04531539010278452
363,2.413030577163044e-16,5.567489024314688e-16,2.2802524550250597e-16,3.270555435616878e-16,-9.386688474642784e-19,-1.9860310628460252e-16,2.220446049250313e-16,0.0,-1.1102230246251565e-16,2.450986181825337e-16,-1.9453548663132658e-17,-2.3303464015566046e-16,-0.046218888697667534,-0.04129757565457765
364,-7.617778340577425e-15,1.2072200626399474e-14,5.834514715264791e-15,-1.2468962801718785e-15,1.2222053160422827e-15,-6.529304486217715e-15,-1.1879386363489175e-14,-1.1102230246251565e-15,4.6629367034256575e-15,2.9918068907451743e-15,1.215886257888789e-15,-1.3962198056122918e-15,-0.04229410357323741,-0.03798499446007581
365,2.9835298823673887e-15,2.3218913244923677e-15,2.2610184373406865e-15,-2.029575161152551e-15,-4.3183843444418716e-16,-2.506201405442315e-16,8.881784197001252e-16,2.220446049250313e-16,0.0,-1.6131544123548626e-15,-9.400307164872058e-16,5.261523078507215e-16,-0.028028520702685387,-0.0191424593937034
366,2.883483584279949e-15,-5.961594030186118e-16,2.734288485175776e-16,-1.6247033046464268e-15,-1.4317842220761251e-15,-1.4467380799386222e-15,1.1102230246251565e-15,-1.5543122344752192e-15,-4.440892098500626e-16,-7.213032593409438e-16,-1.080120826560921e-15,-6.789530943353911e-16,-0.0437585765753437,-0.057227319125368756
367,5.167878995164518e-15,1.1279381943225916e-15,1.4615365117534149e-15,-3.744000498813216e-15,-1.3472530106359475e-15,8.575767884218925e-16,8.881784197001252e-16,-1.2212453270876722e-15,0.0,-1.2767670403184986e-15,-9.507944282255507e-16,6.472058346019209e-16,-0.04001114780435363,-0.04089463378632473
368,7.189541098916975e-16,-1.2644402468652813e-16,-3.1875289022505667e-16,1.891496105362466e-16,2.4232865862594983e-16,4.0530491105985386e-16,-3.3306690738754696e-16,-1.1102230246251565e-16,-4.440892098500626e-16,5.974984901670532e-17,3.352286641203331e-16,-5.3476629471563156e-17,-0.05284793968190468,-0.08533939344230163
369,7.190439553593744e-16,-3.603398476381814e-16,2.842438488647266e-17,-1.8234963015022558e-16,5.581729657369953e-17,5.619640832145427e-16,2.220446049250313e-16,-2.220446049250313e-16,-1.1102230246251565e-16,-5.328506220331136e-17,3.784289725601954e-17,1.5393677142527225e-16,-0.03333851287615804,-0.05146479615405135
370,2.858772405408368e-16,9.652407361697562e-16,-2.893492727425217e-16,1.199114818282192e-16,1.9978332560705463e-16,2.7780056994321645e-16,2.220446049250313e-16,-1.1102230246251565e-16,-2.220446049250313e-16,7.517142825687642e-17,1.382972006807142e-16,-4.297566465548917e-17,-0.015767957264050822,-0.00906121941316844
371,6.332898256208056e-16,3.348005100491059e-16,-1.0191600310258094e-16,-5.0637748464148406e-17,1.240214233975487e-16,2.3261462144161427e-16,2.220446049250313e-16,-1.1102230246251565e-16,-1.1102230246251565e-16,-5.607890042188468e-17,4.285912756796835e-17,5.3342858800512876e-17,-0.061148007720294884,-0.052357234256753184
372,3.0946666916874796e-16,-1.0242071351207575e-16,-8.975474748839611e-16,3.1877860998217784e-16,-2.297294927629301e-16,6.643680524280124e-16,2.220446049250313e-16,0.0,-2.220446049250313e-16,1.9989861927842065e-16,-7.070518281732795e-17,1.9172355725482453e-16,-0.05381189798641163,-0.03801556826430478
373,1.6313960701111505e-15,-3.418362456404256e-16,3.998852646577126e-16,-1.8222476434562853e-16,7.229928328044614e-17,3.5629241790971155e-16,4.440892098500626e-16,-2.220446049250313e-16,-1.1102230246251565e-16,1.0407313321328812e-17,1.3583964589570047e-16,9.93320629784867e-17,-0.06722296538601116,-0.19371769408703704
374,3.3609812115702137e-16,-3.3023283007706205e-15,-1.8462889211641402e-15,-2.945605473817981e-16,8.87209684875683e-16,1.1171811784802994e-15,1.1102230246251565e-15,-1.1102230246251565e-15,8.881784197001252e-16,1.7395381312817874e-15,9.70665665104743e-16,4.456493103142815e-16,-0.06230584386161099,-0.16274863364738051
375,-1.9730814315422904e-15,-2.018679601675011e-15,-1.4541761918484902e-15,3.8947780076662417e-16,-2.4559287499712015e-16,7.003277243517955e-16,-3.3306690738754696e-16,0.0,2.220446049250313e-16,4.0073103707289756e-16,1.6599301912028358e-16,-6.611839539665062e-17,-0.08733453015420012,-0.19207818207021146
376,-2.232878394660997e-15,-2.116771269923821e-15,-7.14439956376322e-16,4.56807027416332e-16,3.505466109028981e-16,2.738114931303554e-16,-2.220446049250313e-16,0.0,8.881784197001252e-16,5.447297861648488e-16,1.8176183070449902e-16,-1.9706197955726464e-16,-0.09680042669489934,-0.1927537437857454
377,-1.5331124824559673e-15,-2.499923035330904e-15,-1.1368148716118007e-15,6.089498630365798e-16,1.5964226671365206e-16,1.0023885485348985e-15,-7.771561172376096e-16,-4.440892098500626e-16,0.0,9.00266953499665e-16,3.4841577004846704e-16,1.8207596835065808e-16,-0.07892496441064392,-0.1736519913127742
378,-2.2360468228299165e-15,-2.8733980884598012e-15,-4.721973408862033e-15,2.8192520574052065e-16,-3.883302123276986e-16,3.5409004594102897e-15,1.1102230246251565e-15,-9.992007221626409e-16,-1.1102230246251565e-15,2.761014039231038e-16,7.220913034950798e-17,9.972755070256103e-16,-0.08327497562212857,-0.18175736184994398
379,-2.585982851938718e-15,-1.072070883079085e-15,9.559633946651503e-16,1.2985603896362533e-15,-8.603002369872043e-16,8.8356011054122e-16,2.220446049250313e-16,-5.551115123125783e-16,8.881784197001252e-16,6.730376941106803e-16,-1.4228710681666605e-16,1.6940289356141772e-16,-0.08685217160366585,-0.19863126500930747
380,-2.5613997171796053e-16,-2.0325730138296153e-15,-5.857092894416287e-17,8.752370652300279e-16,5.874584627612073e-16,5.858925079282279e-16,6.661338147750939e-16,-3.3306690738754696e-16,-9.992007221626409e-16,2.633133560124123e-16,8.161265990886595e-16,-6.546513638240862e-16,-0.07740687995761529,-0.1585173691345192
381,9.584044770346359e-16,1.5559495853006334e-17,1.6293585742804962e-16,-1.776784344599182e-16,-3.7331102702760145e-16,1.425549824335721e-15,8.881784197001252e-16,-4.440892098500626e-16,4.440892098500626e-16,-8.492068704836712e-17,7.76868751344065e-17,4.660849393495017e-16,-0.08311002146108762,-0.21537513598140168
382,-2.5921709980327756e-15,-4.433788768685769e-16,-1.1299663700478345e-15,8.657063530741869e-16,-6.077153178457986e-16,9.274949914286617e-16,-1.1102230246251565e-16,2.220446049250313e-16,-1.1102230246251565e-16,6.565260002470325e-16,1.7983165293503214e-17,-6.442146030245435e-18,-0.078405919446884,-0.1408599699485536
383,-1.1923256459949971e-15,1.5152312166339866e-17,1.4560073414075698e-16,4.19447185995681e-16,-9.384575795747207e-16,3.9874222626879413e-17,-3.3306690738754696e-16,2.220446049250313e-16,2.220446049250313e-16,2.1973690583227997e-16,-4.822140585358934e-16,-4.286224253917689e-18,-0.07054072948528939,-0.11769715611100377
384,-2.276186108445763e-16,-5.019599285103015e-16,1.919686447537274e-16,5.564294910893958e-16,-1.3252624799177063e-16,5.591385291775081e-17,-1.1102230246251565e-16,0.0,2.220446049250313e-16,2.73252457205789e-16,-7.44750826209572e-17,1.2714490897719008e-17,-0.07954879769175513,-0.11367226225999
385,-3.8582154127111893e-16,-5.648209544253158e-16,9.875170175038313e-17,3.7577138248389224e-16,-6.645417677702295e-16,3.6319288688863833e-16,-1.1102230246251565e-16,2.220446049250313e-16,2.220446049250313e-16,2.5085617831819055e-16,-3.689115816618765e-16,1.842081840966258e-16,-0.0774068799576153,-0.15851736913451925
386,4.6830140942058865e-15,2.5032642510859353e-15,1.6109998387594839e-15,-4.7446580528117444e-15,-1.0597549986789375e-16,-1.70837095207881e-15,-1.2212453270876722e-15,-9.992007221626409e-16,-1.3322676295501878e-15,-2.665439857898947e-15,-2.26498498752021e-15,8.613942447141208e-16,-0.07836603653053077,-0.14156487559273956
387,5.552170496274284e-15,-4.9441143404500694e-15,4.853903843194932e-15,-7.317320927008673e-17,-1.84155666999885e-15,9.261873343952935e-17,6.661338147750939e-16,-4.9960036108132044e-15,2.220446049250313e-16,8.786817962846317e-17,-1.1409711601194762e-15,-1.0659900493283202e-16,-0.07617396061733694,-0.15508369397677454
388,4.943366041017876e-15,-4.476107776760461e-15,3.216801926950955e-15,-2.2432766972353927e-16,1.3747991403345097e-15,-1.3293505315166603e-15,6.661338147750939e-16,-4.3298697960381105e-15,-8.881784197001252e-16,-5.036901246910612e-16,1.9060986555643732e-16,-1.2950388997238476e-15,-0.041260936218747706,-0.03897334291115321
389,1.4104115957715567e-15,2.2155349904578176e-15,5.596788668156196e-15,1.93960122173569e-15,2.6527237301338495e-15,7.518142878092296e-16,-6.661338147750939e-16,-2.220446049250313e-16,1.7763568394002505e-15,6.43968630956848e-16,1.5809056161637356e-15,2.603971907980632e-16,-0.04572127500782718,-0.03863297063629365
390,-2.7935079601253747e-15,1.5299364875308384e-15,-3.0637497441756054e-15,1.2641734768748845e-15,-2.879842195313232e-15,-3.4970323798955633e-16,-4.440892098500626e-16,2.4424906541753444e-15,0.0,1.943254681696629e-15,-1.223092063958842e-15,9.71493120115372e-16,-0.0412609362187477,-0.0389733429111532
391,-3.49406960874883e-15,1.7048183458606623e-15,-3.2895404484924767e-15,-9.19773732788348e-16,1.92190458877727e-15,-7.739544474838387e-16,-3.3306690738754696e-16,2.6645352591003757e-15,-4.440892098500626e-16,-6.763643516821347e-16,6.288535669860537e-16,-4.939889791990944e-16,-0.041260936218747685,-0.038973342911153196
392,-1.9539026779202398e-14,-2.622201912259986e-15,-2.036293725203915e-15,8.634849769471482e-15,7.96174966797024e-15,-2.6661660164874036e-15,-2.886579864025407e-15,-2.9976021664879227e-15,-3.3306690738754696e-16,2.258094364084497e-15,2.1979121369649364e-15,-1.1689030947648385e-15,-0.0068332592908430835,-0.021323834183852357
393,1.004504098863048e-16,3.617992988585888e-16,1.6365250533069263e-15,-5.660839871299797e-16,-7.46953126881981e-17,9.049227103851756e-16,-2.220446049250313e-16,0.0,6.661338147750939e-16,7.099741558414013e-17,9.108628503047379e-17,3.5158502279699565e-16,-0.03590653547889116,-0.029387280722341785
394,2.3999243038960607e-15,-2.1939350781676244e-15,2.6277724266361548e-15,-2.6637768188608965e-15,-1.9927672438785687e-15,8.116858540332381e-16,8.881784197001252e-16,-6.661338147750939e-16,2.220446049250313e-15,-3.0921380056069995e-16,-1.015291270521189e-15,1.044085771089392e-15,-0.04126093621874769,-0.038973342911153196
395,3.689630987588174e-15,-3.613138101109259e-16,1.2577810776865842e-15,-5.630289696266176e-16,-1.2488915272213475e-16,1.588960752585658e-15,8.881784197001252e-16,-1.5543122344752192e-15,4.440892098500626e-16,-1.3350997697505592e-16,6.244747669126278e-17,5.438930178891929e-16,-0.041260936218747706,-0.0389733429111532
396,4.918233905612889e-14,3.0567206566091894e-14,5.207335612217953e-15,-3.1981476343261033e-14,1.317420931449609e-14,-6.095978213633524e-15,-4.218847493575595e-15,3.774758283725532e-15,-1.6653345369377348e-15,-2.451178886247924e-15,-4.7688895736899814e-15,2.7983265194853425e-15,-0.0058375652668912975,-0.038026137147169556
397,5.8037153816337605e-15,-1.803321603740592e-14,4.444450622997292e-15,-1.004977206845663e-14,-3.5264065250823416e-15,4.691850474187764e-15,-1.1102230246251565e-15,2.020605904817785e-14,-1.6653345369377348e-15,-2.8275532505485835e-15,-1.5280819350117426e-15,-1.1835044838777835e-16,-0.04126093621874769,-0.0389733429111532
398,-2.5708196657385165e-15,-4.435629894118091e-15,-1.1877717727698847e-15,1.187864716051559e-15,6.205299060172084e-16,1.895840492858619e-15,2.220446049250313e-16,0.0,1.1102230246251565e-15,2.617641933731457e-16,6.084932631336028e-16,5.010355357122827e-16,-0.0412609362187477,-0.0389733429111532
399,-1.2810415339180912e-15,-1.139721901474948e-15,2.3567622874042404e-17,2.853845618843613e-16,5.760581970793161e-16,2.08594371403607e-16,2.220446049250313e-16,2.220446049250313e-16,8.881784197001252e-16,1.2402268051534097e-16,3.204198946565993e-16,2.179540464034591e-17,-0.11975341968967325,-0.21334147327872144
400,1.162858355941581e-15,-3.93281058530776e-16,2.8846826225044405e-16,5.925499794946799e-16,9.327085538948987e-16,1.0942274822251176e-15,6.661338147750939e-16,0.0,4.440892098500626e-16,3.6080422927445686e-16,4.798247559303007e-16,5.726853657360897e-16,-0.26188413645825953,-0.2717828315666282
401,-1.5543441797681908e-15,-1.4617215393924642e-15,-1.4525217083490694e-15,1.1352211235236925e-16,-2.056853029640946e-16,8.491587590241461e-18,0.0,0.0,0.0,5.83045268546251e-17,-1.0299625962864429e-16,0.0,-0.22637342517142647,-0.2499799426279464
402,3.226281302217898e-15,6.8935028264872726e-15,3.087001204125018e-14,4.240532220624377e-15,-8.132598207825811e-15,-1.498385305525295e-14,-5.551115123125783e-16,0.0,-1.6653345369377348e-15,1.1689653770428336e-16,2.265618929368398e-16,1.5456504023675251e-15,-0.23973074589290255,-0.2594427735624891
403,6.313660461421652e-16,9.791933781263962e-16,1.0273243170593122e-15,5.910931065459656e-16,-4.887730042743874e-16,2.0178684221622143e-17,-2.220446049250313e-16,0.0,0.0,2.97205364361499e-16,-2.449877544794789e-16,0.0,-0.08934630172850451,-0.18026805214215189
404,-1.5987872052884084e-16,-2.726415935485844e-16,-4.2870597067379253e-16,-1.2158991811219145e-15,5.069485723117695e-16,1.688298501415944e-16,-1.1102230246251565e-16,0.0,0.0,-7.854787520958451e-16,1.1346685291310658e-17,-6.0668095244534604e-30,-0.19700617088008202,-0.22140796921223657
405,4.596921787623283e-16,1.4791392184355492e-15,2.5176115449169714e-16,7.800258008569206e-16,-4.824260956762169e-16,4.362174388345439e-16,-3.3306690738754696e-16,2.220446049250313e-16,-3.3306690738754696e-16,3.8218808794957563e-16,-2.2879325576177046e-16,2.0981876999723623e-16,-0.10531921784457064,-0.1826653490517637
406,2.2729561761597727e-15,-1.7587057517710193e-15,-4.761490952229376e-15,-6.8567369751047915e-15,5.02461986360428e-15,-1.0279369382231189e-15,-3.3306690738754696e-16,2.886579864025407e-15,-4.440892098500626e-15,1.4213978114801474e-15,-2.4627148095817326e-15,-8.557948723655911e-17,-0.15535941786935908,-0.18502134554825006
407,1.0546982770007053e-14,6.57571745805406e-15,-2.9146437588601966e-15,7.410190646493645e-15,-1.0995429400521869e-14,-1.1579633114055371e-14,4.6629367034256575e-15,4.218847493575595e-15,3.774758283725532e-15,3.0184352347898844e-15,-3.2412815736283434e-15,-4.996943499037539e-15,-0.11206231429593475,-0.035712622946436685
408,2.3412309393038234e-15,7.171720040320103e-16,-9.763713947271919e-16,-1.1317271014488185e-16,-1.2988240108592109e-16,1.0641571644398985e-15,8.881784197001252e-16,2.220446049250313e-16,-6.661338147750939e-16,1.4214298003688596e-16,-1.0977180269485247e-16,2.761141017603726e-16,-0.11605462848119427,-0.035312203751512686
409,2.8691455399898834e-15,-5.492800671254584e-14,-6.589524936117842e-15,1.001720867404123e-14,8.459802434180569e-16,-2.2837087207412e-14,1.2212453270876722e-14,-9.325873406851315e-15,1.021405182655144e-14,-8.74409522899343e-15,-1.3513463956989084e-14,7.212729983647642e-15,-0.18125967210840563,-0.03261898053987533
410,-1.7197455556179767e-15,4.719885711293368e-15,-8.5291159840254e-15,-7.0319338483974984e-15,-3.81935972792413e-15,6.780121358326542e-15,-3.3306690738754696e-16,1.7763568394002505e-15,-6.5503158452884236e-15,-3.739900399581078e-15,-2.2740349834017365e-15,1.690415188321202e-15,0.0,0.0
411,-1.6024145563376194e-14,-3.672339181470678e-15,7.420042523874356e-15,-2.4641990959071792e-15,-3.4397811363930213e-15,5.3442151480026586e-15,-6.772360450213455e-15,-2.3314683517128287e-15,3.1086244689504383e-15,-1.9577646443803344e-15,-2.7216247736499077e-15,2.956467658731722e-15,0.0,0.0
412,-2.662107556451825e-16,-1.630788365783247e-15,-1.5270072410572368e-15,-1.186319090422696e-15,-3.4326570171072212e-15,3.194669796570317e-15,-6.661338147750939e-16,-7.771561172376096e-16,-1.887379141862766e-15,-5.154327930658219e-16,-2.4228558509986735e-15,1.4391532798959417e-15,0.0,0.0
413,-1.4168158820437475e-14,-1.1023137311197518e-15,-2.9700461157760846e-15,8.977378340843766e-15,-6.861248284960621e-15,-9.676184453058436e-15,-1.5543122344752192e-15,-6.661338147750939e-16,0.0,4.7958853649130075e-15,-4.346326427792779e-15,-5.008338947912304e-15,-0.07210595770038208,-0.046411990786575055
414,3.3458890019248094e-14,5.565002500932598e-14,9.722256288247965e-15,-4.491026931786783e-14,1.9650160434077677e-14,-2.1087684360464833e-14,-9.103828801926284e-15,1.9984014443252818e-15,1.3322676295501878e-15,-2.5724263768221063e-15,-3.628811076126045e-15,2.0174070027459597e-15,-0.07402322487784949,-0.1550426103859775
415,-1.4013014422053637e-15,-2.3369573025684863e-16,1.2160077681483894e-15,-5.077642872521651e-16,-1.2643536078222957e-15,-3.58738833690823e-17,-1.1102230246251565e-15,-4.440892098500626e-16,4.440892098500626e-16,-1.2470199837206891e-16,-7.045834104362301e-16,-2.1214239878418627e-16,-0.16438830079261552,-0.034382753994656415
416,-3.757249835208385e-15,-2.0456072373815603e-15,-5.907146129863588e-15,3.494964474142249e-16,-1.4956307298812185e-15,-6.495661301432715e-16,4.440892098500626e-16,0.0,0.0,2.4868888121043092e-15,4.98033066821096e-16,0.0,-0.08809947612577852,-0.054828562494149545
417,-1.6186076637441438e-14,-2.450974641040566e-15,4.1734251019637e-16,7.73650976573397e-15,-1.4797838569308777e-15,2.154532734952569e-16,-5.551115123125783e-15,-2.220446049250313e-16,1.1102230246251565e-15,2.042080085108418e-15,1.3108605426927428e-15,-1.359080167783766e-15,-0.08891126548326388,-0.04763601103748625
418,3.4310151828118757e-15,4.365563483036973e-15,3.906331132416361e-16,-7.910175457119499e-16,-1.4755326920227609e-15,8.514075724325767e-16,4.440892098500626e-16,1.5543122344752192e-15,2.220446049250313e-16,-1.505505724024801e-15,-1.1646658934718664e-15,1.4735856922607278e-15,-0.14858876845367158,-0.05217665594660821
419,1.1974672296757237e-14,5.632085648540575e-15,-2.079227016560914e-15,-1.2336235879006261e-16,8.242311710371582e-17,-2.3595054234011142e-15,-1.5543122344752192e-15,4.440892098500626e-16,-5.88418203051333e-15,5.651534266363571e-16,1.4089626335699352e-15,-1.5235530709192434e-15,-0.07698489601328001,-0.03719387793046908
420,8.064701770363573e-15,2.5019245528128127e-15,8.172449657088345e-15,4.072703701427051e-16,2.356935012275652e-15,-3.9316423432714114e-15,4.440892098500626e-16,-1.2212453270876722e-15,-7.771561172376096e-16,-1.6862625400266798e-16,2.1456066545221112e-15,-2.4126207885569506e-15,-0.026997948564909873,-0.025931458537822468
421,-5.002698528540134e-15,-2.5698066570462275e-16,-9.530761150475504e-16,7.9743005118445435e-16,3.889773160754985e-15,-6.82285134179321e-17,-9.992007221626409e-16,0.0,0.0,3.0566240697149506e-15,7.967499545793032e-16,0.0,-0.05977013001774071,-0.054950746505999175
422,1.1776350881030943e-15,1.1118516018594787e-16,7.765256575144616e-15,-1.854543935522175e-15,-2.3635889053349425e-15,5.082187648490441e-15,-4.6629367034256575e-15,7.327471962526033e-15,-2.4424906541753444e-15,3.772942034362314e-15,-2.505891179382042e-16,-4.387958380392688e-16,-0.043788827861956335,-0.05463839226421937
423,3.0940561987803665e-15,1.441833104995743e-14,1.366444028037966e-14,-1.0755477271711748e-14,-7.303428619428722e-15,9.037078079624077e-15,-1.4432899320127035e-15,4.218847493575595e-15,-5.995204332975845e-15,-5.377738635855712e-15,-6.738740610341609e-16,1.2759772390844867e-15,-0.07348592428472825,-0.087494315527929
424,7.408856508080182e-15,2.1746154436900218e-15,-2.291241241420344e-15,-7.002362539812157e-15,-4.306277321232942e-15,-9.801816628677585e-15,1.5543122344752192e-15,-3.219646771412954e-15,-4.107825191113079e-15,-8.22161556435214e-15,-1.631187110701068e-15,-4.853309172826186e-15,-0.039719663119470505,-0.05415411630259812
425,-5.722670935753642e-15,9.313860617801556e-15,9.089338644764775e-15,7.401035114839976e-15,-1.872442994751605e-15,-6.326552235061055e-17,-5.329070518200751e-15,4.6629367034256575e-15,-1.5543122344752192e-15,-2.4847564967426916e-15,1.6683823077537666e-15,-7.698448321563351e-16,-0.07103954844577375,-0.11600706140937897
426,-3.660374038604189e-15,1.4395063431300757e-15,5.621131578801848e-15,-1.7275716775297707e-15,-5.518229604208989e-15,2.8772526783770018e-15,-4.551914400963142e-15,6.439293542825908e-15,-4.884981308350689e-15,4.1530113589373016e-15,-1.235180637666119e-15,9.700897662196446e-16,-0.029628688227074602,-0.03604272369016181
427,-2.719995288830424e-15,-3.4147669594093177e-16,4.970670837147321e-16,1.815187168222442e-15,-6.587075371681548e-15,1.289349150776307e-15,6.661338147750939e-16,0.0,0.0,8.720462129463656e-16,-2.610310267332921e-15,6.182975268613549e-30,-0.09021837345584276,-0.11494019238338879
428,-2.273768696269929e-15,4.668918258290501e-16,-7.830560304136602e-15,-1.9676125286746498e-15,-1.956563964192529e-15,7.592836926994225e-15,-1.1102230246251565e-16,-3.3306690738754696e-16,-6.439293542825908e-15,-1.121457515865242e-15,-1.627300211887355e-15,3.681097874954629e-15,-0.0531934868038786,-0.03806275975153277
429,-1.2623725019216904e-13,-7.288608204558275e-16,-5.116476383816328e-15,-1.961016061782798e-14,7.572173265735683e-15,8.826872070115025e-16,2.886579864025407e-15,0.0,0.0,-5.979616824545066e-15,-8.453029723579881e-15,0.0,-0.041260936218747706,-0.0389733429111532
430,2.679662756987155e-15,3.3971734898166956e-15,-2.8761519109923413e-15,-1.809698713875746e-15,-2.8264770829810326e-15,6.123885824650513e-16,1.5543122344752192e-15,6.661338147750939e-16,-1.7763568394002505e-15,-4.858481726627118e-16,-1.8571429984057566e-15,-6.84603366476443e-16,-0.043831387650978354,-0.03877718955985477
431,-3.9834868868823146e-15,7.480021431051199e-14,1.3177363272952208e-14,3.9512440148978385e-15,6.5596477493344195e-15,3.478500697523109e-14,6.661338147750939e-16,1.5543122344752192e-15,0.0,-4.6534374339257456e-15,-2.714910377066856e-15,-2.1786817445234292e-15,-0.0412609362187477,-0.0389733429111532
432,5.658300113017978e-15,1.5428262729719572e-14,-2.3353056642831574e-15,-8.039424316724224e-15,-1.5117145084419765e-15,8.845067422969153e-16,1.9984014443252818e-15,6.8833827526759706e-15,-1.9984014443252818e-15,-4.019712158362062e-15,-7.558572542210045e-16,4.422533711484817e-16,-0.04126093621874769,-0.038973342911153196
433,1.753825624489836e-15,1.3097364146398918e-15,1.4471872265194145e-14,-7.604593419283609e-15,1.7269195881202856e-14,-2.1968208645737184e-15,2.220446049250313e-16,0.0,0.0,-3.802296709641799e-15,5.051560304737551e-16,-3.2072534596038797e-29,-0.041260936218747706,-0.038973342911153196
434,-8.185354517370551e-15,1.1354570716032128e-14,2.028697309180751e-15,-4.609861720459116e-16,-4.0211065166560044e-16,-2.2625930131516683e-15,-3.774758283725532e-15,5.995204332975845e-15,1.3322676295501878e-15,-2.3049308602294967e-16,-2.0105532583280742e-16,-1.1312965065758322e-15,-0.04126093621874769,-0.038973342911153196
435,1.642337185351926e-14,-5.278005299484039e-14,4.562110415423054e-14,-2.770372647805239e-15,-2.4820655633813788e-14,1.8142125518700046e-16,1.7541523789077473e-14,-1.1546319456101628e-14,1.5765166949677223e-14,-1.2068376937456559e-14,-1.619538514842852e-14,6.5746883361977944e-15,-0.0412609362187477,-0.0389733429111532
436,-2.083385066235877e-15,4.978515461079173e-15,7.245594829798978e-16,-7.55818209190177e-15,-4.8806600537195706e-15,1.4104473430606385e-15,2.220446049250313e-16,0.0,0.0,-2.3497716799853146e-15,-1.2668247333645017e-15,1.4482993181792014e-30,-0.0412609362187477,-0.038973342911153196
437,1.0326870380034219e-16,-9.608188828669691e-15,-3.160279487583588e-15,-4.837053994890637e-15,-3.0456528152539812e-15,1.2946059972290852e-14,4.440892098500626e-16,3.552713678800501e-15,-1.2212453270876722e-15,1.4757525323415673e-15,-1.5724649548950902e-15,-4.9075834746299755e-15,-0.0412609362187477,-0.038973342911153196
438,1.6325293145038562e-15,6.295466017929569e-15,6.2954660179296145e-15,4.28352901761956e-15,-6.4332201501355034e-15,-6.990491235257472e-29,-2.3314683517128287e-15,0.0,0.0,2.1417645088097764e-15,-3.2166100750677466e-15,-7.395570986446986e-30,-0.0412609362187477,-0.0389733429111532
439,7.482056512545858e-15,9.258413351946134e-15,4.1513874386703555e-15,-4.735266968525617e-15,-1.7207593675999042e-15,3.1740190200642397e-16,1.1102230246251565e-15,1.9984014443252818e-15,-5.551115123125783e-16,-2.3676334842627854e-15,-8.603796837999503e-16,1.5870095100320942e-16,0.0,0.0
440,1.4546901234811562e-14,8.384698347019413e-15,9.600384828548769e-15,-5.2062853352374e-15,-1.0068268860837568e-14,3.502541399523783e-15,-8.881784197001252e-16,2.220446049250313e-15,-3.6637359812630166e-15,-6.62700948881196e-16,-1.129670039622575e-16,6.646593452228797e-16,0.0,0.0
441,4.6308359861019626e-17,1.803192135878882e-14,-3.728449923864517e-15,-4.511217153566823e-15,-3.458982325761842e-16,8.30631946121514e-16,-1.887379141862766e-15,7.105427357601002e-15,-3.774758283725532e-15,-2.2556085767833745e-15,-1.7294911628810326e-16,4.1531597306080333e-16,-0.15228153390248858,-0.20257433969319025
442,-2.626529347366376e-15,2.600505166590476e-16,2.3767096380730424e-15,3.163755115295956e-15,8.508435717630731e-15,6.683393405197057e-16,-1.4432899320127035e-15,0.0,0.0,1.581877557647982e-15,9.42842573433096e-16,0.0,-0.1778620144726532,-0.19443541915234175
443,3.864307247533615e-15,5.6535751731870595e-15,9.339168443941278e-15,2.6906805740662676e-15,-1.6206467925949384e-15,2.2327867033726868e-15,4.440892098500626e-16,1.3322676295501878e-15,-3.3306690738754696e-16,6.514091089887898e-16,1.2338470050835055e-15,1.447440273529294e-15,-0.10920683076475973,-0.17261305697762563
444,7.402414281230126e-15,-2.0061045943477986e-15,1.8297613059219943e-15,4.8548614454719525e-15,1.858115620339147e-15,2.48521635652111e-16,2.6645352591003757e-15,-1.7763568394002505e-15,-5.551115123125783e-16,2.6325420237796992e-15,8.16003705188709e-16,1.4950661667878905e-16,-0.09778268456834026,-0.15687358508252228
445,4.679630870089858e-16,-1.7286234091439004e-15,6.974304553540785e-15,1.394269338419567e-15,3.586566711445566e-15,-2.920093634268664e-16,-3.3306690738754696e-16,6.661338147750939e-16,2.220446049250313e-16,1.9399919726022745e-15,9.59292610072339e-16,-1.027300103520559e-15,-0.13732027619343645,-0.1584434363116089
446,5.45128183254596e-15,1.5993323312081711e-15,5.121602219944787e-15,4.202552908438191e-15,5.392662465716298e-15,-1.4904483877151928e-16,1.3322676295501878e-15,6.661338147750939e-16,-4.440892098500626e-16,2.5980532927503378e-15,1.5539760576221788e-15,-2.1591667351340634e-16,-0.19660386745198233,-0.23170201078174926
447,4.824821184589285e-15,2.6400823290647475e-15,5.969492918076128e-15,2.7280046801390976e-15,2.332775542745616e-15,-1.1636794011207466e-15,1.1102230246251565e-15,1.1102230246251565e-15,-6.661338147750939e-16,9.954178769550992e-16,1.3794935160715098e-15,-5.666879648202247e-17,-0.2618841364582596,-0.2717828315666282
448,3.930628921676154e-15,-4.883570066894512e-16,3.260507065928639e-15,2.3899100594731622e-15,-6.297071820236614e-16,1.3100944350119238e-15,6.661338147750939e-16,-9.992007221626409e-16,-5.551115123125783e-16,1.1732159849657073e-15,-1.445447926809145e-16,7.448147070119721e-16,-0.2618841364582596,-0.27178283156662825
449,6.001109222568473e-15,4.265662702900239e-14,1.820466943565361e-15,2.1468922293025558e-14,5.694377674398453e-15,-3.2337723372656843e-15,2.4424906541753444e-15,0.0,0.0,3.728628944566391e-15,2.909740233113946e-15,0.0,-0.26202941766349147,-0.2621311766670732
450,1.1016872724205687e-14,7.264672731258107e-15,1.0824777219486409e-14,-1.2867914047615383e-15,1.1461614028255498e-14,-8.664233342522142e-15,3.774758283725532e-15,0.0,0.0,2.419084393171239e-15,2.8281957369500327e-15,0.0,-0.23590942792108924,-0.2612703555796566
451,1.1379198323548894e-15,1.2956603027125856e-14,-5.099933710446074e-15,2.3348696974228794e-15,1.8579537179385834e-16,8.310858216665988e-16,-1.1102230246251565e-16,-1.7763568394002505e-15,-1.3322676295501878e-15,-1.2790927655373121e-17,-1.3088401510799263e-16,-9.934272958345957e-16,-0.2618841364582596,-0.2717828315666282
452,1.014930540991806e-14,1.994678737129968e-14,2.774926008924912e-14,9.1347934899738e-15,-1.5658900516327558e-14,-2.6827118971921072e-14,3.3306690738754696e-15,-8.881784197001252e-16,-1.1102230246251565e-15,-6.871029906447501e-16,-6.535244310409853e-16,-1.0239988539438924e-15,-0.26188413645825953,-0.2717828315666282
453,4.634639913204842e-15,-1.2865485782231988e-16,4.34768273349223e-15,2.1330207050930733e-15,2.682265252244802e-15,2.430407449130095e-16,1.5543122344752192e-15,0.0,0.0,1.2298789550602228e-15,1.1799020346309172e-15,0.0,0.0,0.0
454,2.5968600849903364e-14,2.397969208945945e-14,2.147853603493492e-15,3.1503593453292554e-14,-1.057122720894957e-14,-1.1498809964431825e-14,6.217248937900877e-15,-8.881784197001252e-16,0.0,2.122418521732861e-15,2.1654176559535987e-15,-6.456982137044534e-17,0.0,0.0
455,3.8919499109135645e-15,3.39236232113072e-16,5.030705418195149e-15,2.7404059729055102e-15,2.470757262503231e-16,-8.325066869324025e-16,1.7763568394002505e-15,0.0,0.0,1.3702029864527492e-15,8.242760086304434e-16,6.110603927836276e-32,-0.059467745072159815,-0.08572135620999853
456,-5.804290979694335e-17,3.646474850163523e-15,-1.2746286436110801e-14,1.567617167518391e-16,-3.4652416243001374e-16,8.123524976885908e-16,4.440892098500626e-16,1.9984014443252818e-15,-1.887379141862766e-15,-1.7708112603753652e-16,3.469747382523998e-16,1.1587755505039895e-15,0.0,0.0
457,3.150722600357896e-15,2.1341073542936614e-15,-1.3281129734656944e-15,3.940887879243888e-15,-1.4624481796244579e-15,1.950670308953957e-15,8.881784197001252e-16,2.220446049250313e-16,-1.7763568394002505e-15,2.5698098272956182e-15,-1.6072650042530113e-16,4.09808314632382e-16,0.0,0.0
458,4.7345052199499844e-15,4.9044620116489e-16,3.395564717772579e-15,3.985264004677074e-15,1.4940115055929719e-15,-5.690612382570774e-16,1.5543122344752192e-15,0.0,0.0,2.197337552249023e-15,9.473945529165552e-16,-1.0506143454506271e-29,0.0,0.0
459,5.243092974173095e-16,1.4444443906801703e-15,-7.059905118030509e-15,1.3778202744299193e-15,-2.4896101713232998e-15,1.6665995316805049e-15,8.881784197001252e-16,-1.1102230246251565e-16,-1.7763568394002505e-15,1.1194062947708535e-15,-3.556965888713156e-16,7.042836192438808e-16,0.0,0.0
460,3.6608454950575075e-15,-9.000670492749617e-16,-1.3550167165338594e-15,1.6248888585339747e-15,6.305159467278917e-16,1.11724651248144e-15,1.5543122344752192e-15,-6.661338147750939e-16,-7.771561172376096e-16,1.0939687044747353e-15,3.9241723102490424e-16,4.195705882851511e-16,0.0,0.0
461,4.124470975754162e-15,6.261067740251177e-17,6.305927519870426e-15,3.608219225444054e-15,2.6560984824912647e-15,7.10149193246637e-16,1.1102230246251565e-15,0.0,0.0,2.1322302103961726e-15,1.3625526109811246e-15,0.0,0.0,0.0
462,-1.5869898904383028e-15,1.5602743955837793e-16,-1.4746101309450702e-15,4.2922788224087986e-16,-1.739584180062388e-15,-8.77297145294877e-16,2.220446049250313e-16,1.1102230246251565e-15,-4.440892098500626e-16,1.4772652403791188e-15,1.660503902782293e-16,-1.1425068277284932e-16,0.0,0.0
463,1.1561775411461055e-14,3.473264822372669e-15,3.1990015932280565e-14,3.4167985522025467e-15,2.3242806037227575e-15,-6.595890034233616e-16,2.220446049250313e-16,-2.55351295663786e-15,-2.4424906541753444e-15,1.8932717961551852e-15,9.970603851825714e-16,1.879529693141091e-15,0.0,0.0
464,3.5832353799901584e-14,1.3618236093007464e-16,8.292948575594004e-16,1.2183697794597027e-14,5.966217274015467e-15,2.309139289477402e-16,8.881784197001252e-15,0.0,0.0,8.136679387727385e-16,2.4807777109476867e-15,-4.878518785360132e-30,0.0,0.0
465,5.844470859609318e-15,-6.645722834846994e-15,1.3728780137375838e-16,1.93445166210733e-15,-3.786541304879169e-15,8.648307578898498e-15,4.440892098500626e-16,-7.216449660063518e-15,-1.1102230246251565e-15,3.2862980013444704e-15,-2.8641581082757034e-15,1.6702655850896379e-15,0.0,0.0
466,7.334560969382877e-15,-6.679078374652924e-15,-1.5580420015145453e-14,-2.6663621071102806e-16,-1.895578181920461e-15,-1.1513034081307554e-14,3.9968028886505635e-15,-4.440892098500626e-16,-2.886579864025407e-15,-1.122539476876514e-15,-1.6874399821279102e-15,-1.7388923338336894e-15,0.0,0.0
467,-1.9942387051332164e-14,-2.5898513836955875e-14,-2.879570983183429e-15,-2.4910871203322372e-14,-1.042116622635325e-14,-9.739603881148744e-15,-3.4416913763379853e-15,-2.1094237467877974e-15,-5.551115123125783e-16,-5.580026985248361e-15,-2.557111370355321e-15,-4.303293025000066e-15,0.0,0.0
468,3.4473583795790413e-15,1.1114354227631543e-14,1.2449330751496443e-15,-2.150472385576459e-15,1.4391498248273321e-15,2.7058816274559427e-15,6.217248937900877e-15,0.0,0.0,4.059816619662407e-16,2.0398735391593724e-15,0.0,0.0,0.0
469,9.818816597521713e-15,3.652978251750411e-15,1.9142114608673723e-14,2.3273676251619652e-15,2.0345200073883874e-15,-3.826745281256431e-15,1.5543122344752192e-15,-2.3314683517128287e-15,-1.6653345369377348e-15,1.3741633211193574e-15,8.943510703944567e-16,1.023222529178868e-15,0.0,0.0
470,9.658679607555618e-15,1.5730798356098928e-15,1.802449227947736e-14,2.204344129434005e-15,6.129180307500793e-16,1.5525879971548787e-15,1.9984014443252818e-15,0.0,0.0,1.0182760597498486e-15,1.0733249789916334e-15,0.0,0.0,0.0
471,1.482329613101875e-14,3.22358227256012e-15,9.769483450482528e-15,1.8670098914958747e-15,4.310832107627007e-15,-1.0825394699439082e-15,4.440892098500626e-15,0.0,0.0,1.4259623365563588e-15,1.5142291507799548e-15,0.0,0.0,0.0
472,1.165376047363979e-14,4.924303654115861e-15,1.3909946462976193e-14,3.5249111866571346e-15,-2.702052944746473e-15,2.8376011152211493e-15,-3.3306690738754696e-16,-7.771561172376096e-16,6.661338147750939e-16,1.5273319928459224e-15,-5.8344380001374785e-16,5.188349424971631e-16,0.0675610279041939,-0.05294363151796459
473,1.0328351773220178e-14,3.363827475946208e-15,5.3246244291236025e-15,1.991152238010082e-15,-4.926676955947263e-16,1.2903766714563722e-17,1.5543122344752192e-15,-1.3322676295501878e-15,0.0,8.989775630962273e-16,5.2828124594322516e-17,-6.101291820509145e-16,0.0,0.0
474,1.4746120844229122e-14,5.421630014423277e-15,6.283963695873853e-15,1.3112163959236276e-15,1.616961785049426e-15,-3.232202900911936e-16,4.440892098500626e-15,0.0,0.0,8.95838063934541e-16,1.0120570881701457e-15,0.0,0.02799347760222447,-0.09039101486282729
475,1.1985076862293857e-14,7.987546737574825e-15,2.1062365464196097e-14,2.3173129078138066e-15,1.1027941903717544e-15,-1.556765961300195e-15,0.0,0.0,0.0,1.5081324617181364e-15,4.55085280024059e-17,0.0,0.0,0.0
476,2.9246683278242098e-15,-3.517899690571142e-15,4.59945963154851e-16,-6.05720324533219e-16,-5.708554356751173e-17,-1.032459746759069e-15,1.1102230246251565e-15,1.3322676295501878e-15,4.440892098500626e-16,8.416420076188016e-16,-6.295853797663218e-16,-1.4838975596844946e-15,0.018968178225218135,-0.0971200284826102
477,5.862941404987366e-15,5.253308356182185e-15,5.6892217226616525e-15,1.0730008392601817e-15,-2.8512598159026814e-16,5.699485500168272e-17,2.220446049250313e-16,0.0,0.0,3.5754742643263326e-16,1.2897040718646253e-17,0.0,-0.045863349799529995,-0.1602903365858402
478,1.0340181787838393e-15,4.941580116836377e-15,1.7112805260955216e-16,-3.784708098959308e-15,2.6456345789523516e-15,-7.734428774530298e-16,4.6629367034256575e-15,0.0,0.0,2.7537730127084643e-16,1.4816176634961947e-15,0.0,0.0004592519475578962,-0.11644986094567239
479,5.65085799384336e-15,9.105749521617254e-16,4.808235188076633e-15,-2.176873428684e-15,1.6845519359092215e-15,-2.7658770252028907e-15,1.5543122344752192e-15,-1.887379141862766e-15,1.1102230246251565e-15,-8.404768241233382e-16,7.226210016488409e-16,-8.918530617310846e-16,-0.04586334979953,-0.1602903365858402
480,5.766475102181514e-15,3.4406664973711094e-15,7.0920783901494364e-15,7.310629685092285e-16,-1.7694839215860526e-15,8.655508041822591e-16,-3.3306690738754696e-16,-1.3322676295501878e-15,0.0,3.1657971508380973e-16,-7.314678877816191e-16,2.9484953264341953e-16,-0.03133816038006426,-0.14654345733260518
481,1.2943877192468627e-14,-2.1482388673817775e-15,-1.2068782381938152e-14,-2.221349462961041e-15,-4.245604730060363e-15,1.909328107086843e-15,9.325873406851315e-15,2.220446049250313e-16,-3.4416913763379853e-15,-2.202788081407176e-15,-6.691804465976742e-16,-6.406189368807165e-16,0.00921256128005734,-0.10816558437033037
482,5.878980565970824e-16,-7.918523046597145e-16,1.817713564088466e-15,-2.3727553058470847e-15,1.7053459925037216e-15,5.910434078824285e-17,6.661338147750939e-16,-7.771561172376096e-16,4.440892098500626e-16,-1.1756866763000301e-15,3.9953796429128865e-16,8.928779353596164e-17,-0.010756552796753995,-0.1270646838643526
483,-1.881759371007077e-16,-2.2614524444369036e-15,-7.9217515465703e-15,2.817119465781509e-16,-4.91104122322633e-15,2.8142809033201514e-15,1.1102230246251565e-15,0.0,-2.1094237467877974e-15,-1.3358010240717708e-16,-1.685809717476502e-15,-3.209527358503127e-17,0.0,0.0
484,5.893909037955224e-15,4.385976107026453e-15,9.255450739096431e-15,2.2057100879398902e-15,-3.215387548136253e-15,6.81239117191907e-17,0.0,0.0,0.0,1.3101190934153359e-15,-1.3603713035174223e-15,0.0,-0.04586334979953,-0.1602903365858402
485,5.6328796127218685e-15,3.0112801571682357e-15,1.6333105597840403e-15,5.455168199048583e-16,-1.5660180378052068e-15,1.1341272537405014e-15,8.881784197001252e-16,-2.220446049250313e-16,-1.7763568394002505e-15,3.4282908269843486e-16,-9.20014782127087e-16,1.7910009590634613e-16,0.0,0.0
486,-4.478955328001322e-16,2.2185458865215456e-16,-1.5268245612123665e-16,-4.3967393985444893e-16,4.0788851959151267e-16,2.191050625568149e-17,-1.1102230246251565e-16,2.220446049250313e-16,0.0,-6.356399409238459e-17,3.9120600402419763e-16,1.9855094475736687e-16,-0.04586334979953,-0.16029033658584022
487,2.335025624663687e-16,2.3204152164423194e-15,8.770550943234275e-16,3.10359640842443e-16,1.215786736547321e-16,-3.7329982918891886e-16,2.220446049250313e-16,-1.1102230246251565e-16,-4.440892098500626e-16,-3.758783241470096e-16,1.9115877279946157e-16,-2.8192431632153373e-16,-0.04586334979953001,-0.16029033658584022
488,4.4221990028810466e-16,-8.566121488274778e-17,2.9458923629526295e-17,1.3788546456168002e-16,1.6702412706684439e-16,-2.1921101179026008e-17,4.440892098500626e-16,-1.1102230246251565e-16,2.220446049250313e-16,1.5646349123864747e-16,-1.087940462310112e-16,4.8444952997320274e-17,-0.045863349799529995,-0.16029033658584016
489,7.771716448920943e-16,-8.510353805683735e-16,8.739412099997607e-16,-5.351636181769253e-16,4.655569497926694e-16,4.695670658811309e-16,4.440892098500626e-16,-4.440892098500626e-16,6.661338147750939e-16,-3.121980966425573e-16,2.930504108576073e-17,1.7871478927839207e-16,0.0,0.0
490,2.1089871921173097e-17,1.1219949862785748e-16,3.7171687622318807e-16,-3.212179738319087e-16,2.8667791976709023e-16,1.3189575603856068e-16,2.220446049250313e-16,-1.1102230246251565e-16,2.220446049250313e-16,-9.197738410037215e-17,3.3836667398816936e-17,5.77229090731082e-17,0.0,0.0
491,4.503667406221014e-16,1.1244044052006252e-15,5.018088907411865e-16,-3.8401876938857107e-16,1.8834889503766044e-16,1.1373099470187144e-16,2.220446049250313e-16,0.0,-3.3306690738754696e-16,-3.276045697439322e-16,6.006174190902492e-18,-1.7610802798927804e-17,0.0,0.0
492,1.3267698759944989e-15,2.6590404981257967e-16,1.4428514781265167e-16,3.049712731357475e-16,4.2703540642699743e-16,1.1007691023830776e-17,2.220446049250313e-16,-3.3306690738754696e-16,-2.220446049250313e-16,2.425613686496529e-16,1.5459925250302782e-16,-5.705084501155443e-17,0.0,0.0
493,2.1827308695190278e-16,-2.209625178832754e-16,-1.4621809233086799e-16,-3.9905456473269134e-16,6.609835644604425e-16,1.567980854159685e-16,2.220446049250313e-16,0.0,0.0,-1.4752063694818944e-16,3.916953820863761e-16,7.66878805889177e-17,0.0,0.0
494,-1.323043149376597e-16,-3.309797382210382e-16,1.6733335256748709e-16,1.7668444872893648e-16,6.035381511285604e-17,-1.6944745511475847e-17,2.220446049250313e-16,-1.1102230246251565e-16,4.440892098500626e-16,8.924910685525872e-17,3.569983189042139e-17,5.902802902481474e-17,-0.19729323687165073,0.23194951017003085
495,2.7243804493361637e-16,1.2112372709539096e-15,1.1736785350394634e-15,-1.1151464013584412e-15,7.211524943794706e-16,-5.201352689820747e-16,-1.7763568394002505e-15,-3.3306690738754696e-16,0.0,4.427035886752012e-16,2.3098298236638226e-16,-6.247291636818754e-17,-0.1972932368716507,0.23194951017003076
496,-1.6872623765260211e-15,-1.593974849993099e-15,1.4575751715073812e-16,5.54054666373959e-16,-7.678789471524592e-16,-9.891187578136525e-16,-2.220446049250313e-16,-2.220446049250313e-16,4.440892098500626e-16,5.977063766857146e-16,-1.0979654369082304e-16,-9.066869218815174e-16,-0.19729323687165068,0.2319495101700308
497,-1.817333177020078e-15,-5.473731695865987e-16,-1.3036959426491427e-16,7.030608280475057e-16,-7.094844460926465e-16,1.1895821290070875e-15,0.0,0.0,2.220446049250313e-16,5.908281911014148e-16,-2.7758241300905266e-16,4.847514710259647e-16,-0.19729323687165065,0.2319495101700308
498,-9.619406332791016e-17,-8.728514936045353e-16,-4.88541949837313e-16,-3.6092712233340096e-16,4.27400875225333e-16,1.0207558403120949e-15,2.220446049250313e-16,-3.3306690738754696e-16,2.220446049250313e-16,-1.0451856223356035e-16,1.6743287753470625e-16,6.261966748325098e-16,-0.19729323687165073,0.2319495101700308
499,-2.917765346836982e-16,-1.0383136478771921e-15,-2.2137900435646975e-16,3.0900152843708936e-16,-7.57462265845862e-16,9.16605294160833e-16,0.0,-2.220446049250313e-16,2.220446049250313e-16,2.1205279478906363e-16,-4.60552068441295e-16,4.580121703383957e-16,-0.19729323687165073,0.2319495101700308
500,4.156050377053427e-16,-6.569010575749473e-17,9.3537961523273e-16,3.765654668629668e-17,-6.368941518476179e-16,-4.4208457233811893e-16,-1.1102230246251565e-16,0.0,2.220446049250313e-16,2.332129344838168e-17,-2.1481463381129842e-16,-2.403551750974814e-16,-0.19729323687165076,0.23194951017003082
501,-4.898697902614254e-16,-4.26143350165858e-16,-4.122736404997554e-16,2.2678706310920643e-16,-4.3422431579423457e-16,9.112736415803847e-16,-3.3306690738754696e-16,-3.3306690738754696e-16,0.0,1.6101810380374549e-16,-1.7231785684185335e-16,4.440971698931441e-16,-0.19729323687165068,0.2319495101700308
502,-7.862092910785912e-16,-5.727983858051993e-16,-2.056900380606842e-16,-7.25760224143241e-17,-9.053944628938344e-16,6.388876686149951e-16,-2.220446049250313e-16,0.0,2.220446049250313e-16,1.1809948602149335e-16,-4.143579496303658e-16,2.3831435989598097e-16,-0.1972932368716507,0.23194951017003076
503,-1.8520353012061973e-16,-9.402248981958643e-17,-2.6672293048740016e-16,3.4951416905051614e-16,-2.397246358901782e-16,4.439590684865605e-16,-1.1102230246251565e-16,2.220446049250313e-16,0.0,3.005915705874569e-16,-9.6431719639458e-17,2.532313083493927e-16,-0.19729323687165068,0.2319495101700308
504,-1.272225626278635e-15,-7.354164109909586e-16,-1.441247005345966e-16,-3.578408809681123e-16,-2.3024594372787676e-15,2.0417988245149736e-15,6.661338147750939e-16,4.440892098500626e-16,1.1102230246251565e-15,-1.7297461674913084e-16,-9.161637048236675e-16,1.258031788455633e-15,-0.19729323687165068,0.23194951017003076
505,-9.461869372583747e-16,-1.3144797768282534e-15,-6.413307923601474e-16,9.517516555006828e-16,-5.10512212512511e-16,4.3115144870954933e-16,1.1102230246251565e-15,-5.551115123125783e-16,0.0,2.1794115676654152e-16,-2.429964836413201e-16,-1.1831693566176965e-16,-0.18960439652574806,0.2164745157885577
506,5.027262077036054e-15,5.908067780463176e-15,-8.500634851804415e-16,-1.1641264370720553e-15,-1.5726270967571662e-15,1.7513861753857543e-15,3.552713678800501e-15,4.6629367034256575e-15,2.220446049250313e-16,-1.4893186246141747e-16,-1.1164904399169608e-15,8.748307870271651e-16,-0.19729323687165068,0.23194951017003076
507,-1.637939718220674e-16,3.3653583641559813e-16,-1.693509328076184e-16,-8.01710936213328e-17,-2.0493131941728018e-16,2.0187973011975612e-16,0.0,0.0,-1.1102230246251565e-16,9.059107505541485e-17,-5.062061929876496e-17,5.612481677695653e-17,-0.1906299992979154,0.21853870185861596
508,-5.522129887768016e-16,-1.067484178319486e-15,-9.752319765655697e-16,6.760488057339751e-16,-3.721981602979307e-16,6.225768373679469e-16,4.440892098500626e-16,-1.1102230246251565e-16,-1.1102230246251565e-16,5.395223973514336e-16,-1.5890332735390616e-16,2.7947195077958837e-17,-0.1972932368716507,0.23194951017003076
509,-3.888820945086969e-16,-7.957363934508838e-16,-1.010783517627115e-15,9.05459038027945e-17,-1.4570755457211388e-16,6.759471589757749e-16,4.440892098500626e-16,0.0,-2.220446049250313e-16,1.2508225923110804e-16,-1.5576860343276639e-16,6.042919935569112e-17,-0.18786182749154143,0.21296732292194467
510,-1.2533769647304315e-15,-1.3632069677880284e-15,-4.808150368024348e-15,-9.262117390223631e-16,-5.98419433471538e-16,7.129015613623775e-16,2.220446049250313e-16,1.7763568394002505e-15,-2.220446049250313e-16,1.599723208254511e-16,-2.5931597580295783e-16,4.627699453270507e-16,-0.18209622291520206,0.20136314148355738
511,-2.773018416930534e-15,-5.303821820592044e-16,-2.2657667943896705e-15,9.227555563290619e-16,-1.582360133355926e-15,8.663611096126588e-16,-2.220446049250313e-16,8.881784197001252e-16,2.220446049250313e-16,5.372559809108338e-16,-7.46006200709303e-16,3.7826432322485635e-16,-0.1698880540476028,0.17679229124671414
512,-1.8281003413544823e-15,1.2935371506736216e-16,-3.58353277857073e-16,2.245967680442602e-16,-1.2539543158759634e-16,6.995417180572942e-16,-5.551115123125783e-16,6.661338147750939e-16,4.440892098500626e-16,3.0110585875947516e-17,-9.455666113065512e-17,3.7300186824546557e-16,-0.14348299236662376,0.12364797262741155
513,-2.065158899867563e-15,-1.947869011904871e-15,-7.550226301058908e-16,6.35523723331427e-16,-2.068562084376237e-15,-9.232099324874274e-16,-5.551115123125783e-16,0.0,6.661338147750939e-16,5.570318453758414e-16,-7.918427573918475e-16,-5.675669915167849e-16,-0.1180412612420425,0.0724425074992861
514,1.1688547660727092e-15,4.984166376103927e-16,-1.3328974617390067e-18,-1.1297089050007865e-16,7.624408417754899e-17,1.3664273953003226e-18,-1.1102230246251565e-16,-3.3306690738754696e-16,0.0,-1.809628768041828e-17,1.0889518611538348e-17,-5.2884504187051275e-17,0.0,0.0
515,9.854267510350434e-16,4.476629925522564e-16,1.2980512925501692e-16,-1.0762472527608966e-16,1.5928306619946832e-16,3.444127267195468e-16,-1.1102230246251565e-16,-1.1102230246251565e-16,-1.1102230246251565e-16,-2.2923514994753067e-17,3.8603618093041904e-17,1.0340804221349551e-16,-0.14302022838850087,0.12271658770598888
516,1.3920633561771595e-15,-1.4662203870065792e-16,4.445894617334481e-16,-1.0072399422421986e-16,5.670452448347085e-18,2.558299197879506e-16,4.440892098500626e-16,-3.3306690738754696e-16,0.0,-5.866239596670976e-17,3.357841460393423e-18,4.2804831140522875e-17,-0.15292836980066798,0.14265827276982743
517,1.0972366561601654e-15,9.211775544406915e-17,-2.177985951289534e-17,1.2079724980750936e-17,-1.2492806641022562e-17,-4.336231254076792e-17,4.440892098500626e-16,-3.3306690738754696e-16,-1.1102230246251565e-16,-9.081044968101837e-17,-4.138228013574837e-17,-1.4701051304646927e-17,-0.09792192633116466,0.061224629513547034
518,6.866376815089112e-16,5.691548052989803e-16,-7.658695101005998e-17,-1.9529563953639627e-16,5.402054437904585e-17,-5.692961614144032e-17,0.0,-1.1102230246251565e-16,0.0,1.730613855387903e-17,9.532023119037478e-17,-1.2058837837681786e-16,-0.14198091695483472,0.12062481080946967
519,6.090186541809738e-16,6.726701750913895e-17,-1.1662833506237044e-16,-2.0204845155377649e-16,2.039263008495037e-16,3.440925755504507e-16,0.0,-1.1102230246251565e-16,-1.1102230246251565e-16,7.609021037866341e-18,8.766676897805809e-17,-1.618500625925922e-17,-0.12167389419918428,0.09351611580482452
520,1.0089160935354533e-15,-4.2251899108198786e-16,-1.7541500139695886e-16,-2.900312246279228e-16,-6.664792601838107e-17,-1.4928186711658285e-17,4.440892098500626e-16,-2.220446049250313e-16,-1.1102230246251565e-16,-6.976601641345597e-17,-5.623416195848311e-17,-1.1107734583746315e-16,-0.12797076614424413,0.0990231401063913
521,6.317247697755367e-16,3.4178907611657e-16,2.002786549254453e-16,-1.1031371467578185e-16,-2.780868570352175e-17,2.3078257943104955e-17,2.220446049250313e-16,-1.1102230246251565e-16,-2.220446049250313e-16,1.2859656266477527e-17,-6.64554597092361e-18,-1.9016397020621053e-16,-0.11440547657013093,0.07881686929969142
522,-6.501420377956686e-16,-1.2661634460087738e-15,-1.4172149306725894e-15,2.8517091187037056e-16,1.4693858771628178e-17,1.1596656148262646e-15,4.440892098500626e-16,-1.1102230246251565e-16,-3.3306690738754696e-16,1.6036567231827575e-16,1.9870553117681384e-16,2.7288132235445917e-18,-0.1019590965290242,0.06347562254526821
523,1.454948333117385e-15,4.0103413627860294e-16,1.3941194918179049e-15,-5.331510752947042e-16,-1.7225401713255431e-16,-5.0271405269045025e-17,4.440892098500626e-16,-1.1102230246251565e-16,2.220446049250313e-16,-3.0311981932050896e-16,5.905638799611911e-17,-8.8778430087649e-17,-0.10372522990320561,0.06446036030056035
524,5.339819700968298e-16,5.12305510890306e-16,3.0869587110193393e-16,-4.021660566855944e-16,1.4992711677468833e-16,2.1170516037425452e-16,2.220446049250313e-16,0.0,-1.1102230246251565e-16,-2.596645869574924e-16,1.6125901192159043e-16,4.1120996192993567e-17,-0.16562816148698437,0.1682185908607543
525,1.6659891193769204e-15,-7.242216741373448e-16,2.3163365185867584e-15,-2.281571027810482e-16,8.99999906525167e-17,-6.189792315351903e-16,4.440892098500626e-16,-3.3306690738754696e-16,-1.1102230246251565e-16,-3.9482080636861384e-17,2.358977707322028e-16,-4.302465958241325e-16,-0.15656271597382965,0.1499729631626349
526,1.4527697289644575e-15,-2.938052120581213e-16,9.326285710215356e-16,-1.09599982958285e-16,-1.7846710250405395e-16,3.542568624669739e-16,4.440892098500626e-16,-4.440892098500626e-16,0.0,-5.620177596141276e-17,-5.727457308429996e-17,6.614142674752741e-17,-0.18143946031527283,0.2000413039779468
527,-5.199616530351043e-15,-3.928634571886463e-15,-1.6702711651114763e-15,7.645313042855822e-16,-7.214918132118808e-16,2.0924974755132318e-15,-1.1102230246251565e-16,-2.220446049250313e-16,6.661338147750939e-16,7.376651439103348e-16,-3.367743424952235e-17,3.300248840724728e-16,-0.1467421877058263,0.13194643067865322
528,-7.242471866865854e-16,1.9188219069686205e-15,5.877002276879544e-16,-1.992960054168986e-15,1.2772550958027698e-15,6.79857494160019e-17,-5.551115123125783e-16,1.7763568394002505e-15,0.0,-1.8245698657996044e-15,1.145156679811267e-15,6.878582742940192e-16,-0.17440443402750247,0.1858822127003166
529,2.2826271212746896e-16,5.245815500190691e-16,1.4828221146066719e-15,2.1145819545103984e-16,2.334729097323051e-16,1.0263229235089126e-15,-6.661338147750939e-16,-2.220446049250313e-16,2.220446049250313e-16,8.671869994162138e-17,4.2940768218201686e-16,6.440309583428805e-16,-0.16558264092989383,0.16812697361634207
530,-1.5372005845592846e-15,-1.2257235245784093e-15,-2.8610798218809812e-15,-1.3958765884959364e-15,9.692585071119394e-16,2.5967939521533964e-15,2.220446049250313e-16,0.0,-4.440892098500626e-16,-6.187266273229582e-16,5.996891428072077e-16,9.875144135827194e-16,-0.1768087558001087,0.19072128650709197
531,7.173887414971827e-17,-5.537808087897762e-16,1.1722490197001838e-15,-3.093248336266968e-16,-5.521642719907121e-16,1.6859470138259877e-15,2.220446049250313e-16,-2.220446049250313e-16,4.440892098500626e-16,-2.5455011456841175e-17,-3.213988754653485e-16,5.812105667431534e-16,-0.1706506489892034,0.17832713290107333
532,1.8581944607124766e-15,1.0953313705702957e-15,5.509923774889713e-16,6.754848966444854e-16,-7.761879573597977e-17,3.191867317807206e-16,2.220446049250313e-16,0.0,-4.440892098500626e-16,-2.5376138638406428e-17,7.730367463671769e-17,1.8393851899934346e-16,-0.07302849818694997,-0.14368895420541453
533,6.463271927447885e-16,3.89477364143036e-16,4.061160464485482e-16,6.655556138428518e-16,-3.824708427191026e-16,5.122539994128049e-16,0.0,0.0,0.0,2.8256047656108603e-16,-1.940858016085116e-16,2.465170267190358e-16,-0.05422587268771882,-0.05146602799812787
534,5.367493913053791e-16,1.7219403609046605e-16,1.2619698032708203e-16,3.0914359012467515e-16,-1.1783109597123288e-16,-1.6180036491452723e-17,0.0,0.0,-2.220446049250313e-16,2.1128016954262061e-16,1.0619804461670717e-17,3.524688072875028e-17,-0.05517652883963568,-0.0915403168739008
535,8.66125565093267e-16,1.0826966690061617e-15,5.219903398238275e-17,5.827270680405396e-16,-1.2779670066114603e-16,1.4525516584682783e-16,0.0,2.220446049250313e-16,-3.3306690738754696e-16,1.3836428735852543e-16,-2.624957541787748e-17,4.581422829771087e-17,-0.07058884927265129,-0.11931986883096563
536,8.119374531388886e-16,7.437506371406784e-16,9.531939091104459e-17,6.647058043081712e-16,-2.7124809184137724e-16,-7.552178818621735e-17,0.0,2.220446049250313e-16,-1.1102230246251565e-16,3.1269115846816736e-16,-9.730003014743743e-17,-3.5336614779283323e-17,-0.02834547873442673,-0.03722922405109685
537,3.5317683575414342e-15,-2.6039934255934748e-15,-1.4286934893828671e-16,3.923327108508647e-15,2.681186599368785e-15,-4.4157301875337617e-16,1.3322676295501878e-15,-3.3306690738754696e-15,-2.1094237467877974e-15,1.7197507874268559e-15,1.0933866127507193e-15,-2.2039976209317157e-15,-0.022691385043769375,-0.04001418159257231
538,3.8699580846358565e-16,2.2054167532607266e-15,-7.316457860748259e-16,-1.2707909708440545e-15,-7.695336397997662e-16,1.5673175306444558e-15,-4.440892098500626e-16,1.1102230246251565e-15,-4.440892098500626e-16,-3.1000990424542707e-15,-7.009467577535819e-17,1.912202557910949e-15,-0.033861541373110926,-0.05777682402289146
539,-1.982067278396783e-15,2.4438362314036673e-15,2.9856974616855715e-16,-1.9710825167638016e-16,3.613049926270218e-16,2.216416328659643e-16,-5.551115123125783e-16,1.3322676295501878e-15,0.0,-1.7171257673849976e-16,1.2260586599719531e-16,5.297354000627317e-16,-0.08777660391123165,-0.07297392330080199
540,2.3557575375606243e-15,-4.133543225617471e-15,-2.836509718718813e-15,-1.0200791388719811e-15,-7.759207989089842e-16,-2.168519348404242e-15,8.881784197001252e-16,-9.992007221626409e-16,0.0,-3.609190545371852e-16,-3.831299691891061e-16,-4.875979199397064e-17,-0.06975816990185538,-0.12332407606173972
541,2.3070676443282387e-15,1.6028621828431275e-15,7.895732448192453e-16,-3.5058552659754287e-15,-4.535529488316053e-16,1.9549544039065673e-15,0.0,-1.5543122344752192e-15,6.661338147750939e-16,2.473072748653237e-17,-4.105563941579856e-16,5.177894806380212e-16,-0.03319294016398723,-0.081170827570182
542,3.896495441844813e-16,-9.94612075713261e-16,-4.37848186724165e-16,-2.61233036582772e-15,2.056809558942534e-16,1.6202545648104661e-15,-8.881784197001252e-16,-1.5543122344752192e-15,4.440892098500626e-16,4.307703712652934e-16,3.2868378374483805e-16,-1.433499688259016e-16,-0.028621426060175963,-0.06376983698937148
543,-1.1486308819877077e-15,6.997386621397994e-16,3.6245665181503335e-16,3.929122345096039e-16,3.477853020441193e-16,2.915540567353088e-16,-1.2212453270876722e-15,2.220446049250313e-16,2.220446049250313e-16,4.331256313509504e-17,2.68148576698118e-16,3.0487452861754097e-16,-0.011370620366766107,-0.039464816609624975
544,8.875511306166859e-16,-8.811136029384833e-16,-1.0656433682868853e-15,-5.309600224538345e-16,-3.420520099369499e-15,-1.1782930726397742e-15,4.440892098500626e-16,-4.440892098500626e-16,-6.661338147750939e-16,-2.8343613901942256e-16,-1.8398401026149827e-15,-7.170863503137136e-16,-0.005685569393618841,-0.020251648587745676
545,-2.648094587352063e-16,1.2518129013286014e-16,-3.6448329684134646e-16,4.785186765572644e-16,-1.5516477636543442e-15,-1.646939411035504e-16,0.0,2.220446049250313e-16,-1.1102230246251565e-16,2.3863224158781754e-16,-7.781972561179353e-16,-1.0025127916300077e-16,-0.11538035085562397,-0.13413339201127358
546,-3.831156017449943e-16,4.1372323979608276e-16,-3.902849673876882e-16,3.842766665636967e-16,-1.2951811545401492e-15,-3.09444369539432e-16,-1.1102230246251565e-16,2.220446049250313e-16,-2.220446049250313e-16,2.073098840965769e-16,-6.373817227257812e-16,-1.7217289744892564e-16,-0.0653025913772322,-0.10924805815905335
547,-4.587474670808302e-16,-1.0425175600553645e-15,9.189203550582176e-16,-7.975205093007205e-17,-1.025351345021896e-15,-4.3109714598667987e-16,-2.220446049250313e-16,-5.551115123125783e-16,4.440892098500626e-16,-4.7242224822817186e-17,-5.0521263215557465e-16,-2.6534494841440707e-16,-0.02454042889501373,-0.0402854180383268
548,-2.375286339613898e-15,-2.303345438755855e-15,-2.9018444225158613e-16,4.3966551616888954e-16,-1.2263170405512752e-15,6.990868548000781e-16,-5.551115123125783e-16,0.0,6.661338147750939e-16,1.398675695699396e-16,-5.359736701374621e-16,1.714144021672095e-16,-0.08557482592299835,-0.12522233463072313
549,2.4235548333117836e-15,1.6163431144748066e-15,1.647096386679631e-15,-9.508175771827561e-17,-1.1722896113521832e-15,5.3868365983877834e-17,-2.220446049250313e-16,-1.1102230246251565e-16,-2.220446049250313e-16,-6.407737580180746e-17,-6.603500414346449e-16,7.517196994383115e-18,-0.09928451666492312,-0.15174433663596631
550,1.8449078396265874e-15,-4.6263279233775134e-15,1.9480671100207512e-16,-1.0844138289761486e-15,-2.578432169532403e-16,2.8714872512369297e-16,1.3322676295501878e-15,-1.7763568394002505e-15,2.220446049250313e-16,-1.863941908817689e-16,-1.5311708949522382e-16,9.993066788587295e-17,-0.002313197260897902,-0.026392554346956552
551,7.481726732970864e-16,7.858868048405157e-16,5.872286109997191e-16,1.0550683581528498e-15,-5.568940674442396e-16,6.705954459469279e-16,-1.1102230246251565e-16,-3.3306690738754696e-16,-1.1102230246251565e-16,5.9253229205059e-16,-2.737530965452298e-16,1.9126023680542595e-16,-0.012837977182998226,-0.021180354098708706
552,-2.2933711284857995e-15,-3.019781097785234e-15,-1.1651388285928862e-15,8.082508040224768e-16,-7.785860051614954e-16,-1.7906405663702784e-17,0.0,-4.440892098500626e-16,0.0,9.723227261162506e-17,-3.844568883640737e-16,-3.729033907034555e-16,-0.08505530547905456,-0.14332207085272874
553,-1.7645898870300329e-16,-2.5693665060136676e-16,2.951687105893953e-16,4.251866947346024e-16,-2.3583999129190356e-16,-4.443476536324155e-16,0.0,0.0,2.220446049250313e-16,1.8543100854825723e-16,-1.5191981510303997e-16,-2.4990788465809796e-16,-0.07697257636091678,-0.1223032268584093
554,2.258854334227585e-15,-1.495338610574625e-15,1.3935584847965842e-14,1.8758586703329264e-17,-5.720223268030045e-15,-1.4700235908734289e-15,-2.220446049250313e-16,1.1102230246251565e-15,-9.992007221626409e-16,-6.885868216664967e-16,-5.087617918567515e-16,7.809595542318202e-16,-0.10026396654553404,-0.12248778421400067
555,-1.7889078605776518e-14,1.61817639512568e-14,-6.438714730670172e-15,-2.8887421297689405e-14,-2.02723757820773e-14,-7.035278580841174e-15,-6.661338147750939e-15,6.8833827526759706e-15,8.881784197001252e-16,-1.2364989727471243e-14,-8.730353431560822e-15,-3.3976077385110953e-15,-0.027202264420651368,-0.05455433909647275
556,1.2196535857599867e-14,-1.738344751002417e-14,8.708828218067529e-15,-5.474058059855464e-15,1.4171155997022252e-15,7.25917296643334e-16,5.10702591327572e-15,-1.2101430968414206e-14,2.886579864025407e-15,-1.171673113648549e-15,-1.248009781261801e-15,2.0136413211792223e-15,-0.04647064974690818,-0.03857578520784866
557,1.9913466295709026e-13,-7.0598438890589994e-15,2.0874389058789962e-14,-8.971941028608794e-14,7.697035706177598e-14,-1.9723385727252266e-14,1.4654943925052066e-14,-5.995204332975845e-15,-1.4210854715202004e-14,-5.538698682474153e-15,-1.2999015259622514e-15,5.960187219708439e-15,-0.05999551569550135,-0.03941110893468144
558,1.3363474899990051e-14,1.0270181900048036e-14,-1.9491888473756183e-14,2.1550997614255295e-14,2.641125121059495e-15,-8.093182248971557e-15,-4.884981308350689e-15,-2.1094237467877974e-15,-4.884981308350689e-15,2.2451349293453773e-15,-3.1287346217369646e-15,-3.2001984542082772e-15,-0.05999940413284595,-0.043232955570059205
559,9.981998309787049e-15,-1.446119226683029e-14,-9.919330978393959e-15,7.22406758705105e-15,-5.1447100703338356e-15,1.3889051928961482e-14,6.661338147750939e-16,-1.099120794378905e-14,-1.021405182655144e-14,3.894143956619129e-15,-6.52770732456013e-15,7.0805877838507115e-15,-0.06324322535541756,-0.03765323535109631
560,7.989865649341915e-15,3.730041726995089e-15,4.827008976663835e-15,-1.4879459484617233e-14,3.000024403468734e-15,-2.714245277567669e-16,3.3306690738754696e-15,-6.217248937900877e-15,-1.6653345369377348e-15,-6.689550135803677e-15,-1.211618124121132e-15,1.0579307843341447e-16,-0.05100301404049291,-0.0382299166050249
561,1.7003970687826379e-15,1.010608368146475e-15,-5.7121933258596474e-15,-5.528663076210113e-16,-3.663383371360774e-15,1.670386519805837e-15,0.0,-6.661338147750939e-16,-3.9968028886505635e-15,-3.4686503423050623e-16,-2.1989609220603134e-15,1.8357594226052358e-16,-0.06316480176926374,-0.03730184016255023
562,-1.0324744682263063e-14,1.4848408222514614e-15,3.683801057764966e-15,3.0431874512693207e-15,2.653854773700268e-15,-3.754604404313833e-15,-3.552713678800501e-15,1.1102230246251565e-15,1.1102230246251565e-15,4.4107123977023895e-16,1.6766327753364581e-15,-1.5094031658801911e-15,-0.07254237553839227,-0.036586229473004335
563,2.1406961058324874e-14,1.0797971580151254e-14,2.865240883918227e-15,-1.576523795888525e-14,7.418522789583623e-15,-5.0765904627206935e-15,-8.881784197001252e-16,1.9984014443252818e-15,-2.4424906541753444e-15,-3.0241855474016314e-15,-2.9175087301496136e-15,-2.1886119254997153e-16,-0.043622440668955834,-0.038793134483090234
564,-4.088332898291881e-16,1.7587833420483877e-15,3.8208097941923586e-15,1.4842771685115483e-15,2.070582230622783e-15,-3.418480920855792e-16,-1.1102230246251565e-15,0.0,0.0,1.150159545945241e-15,1.0139080119535988e-15,0.0,-0.048988920970856456,-0.038492194499026265
565,-1.3339088980729051e-14,2.7598744284389673e-15,-5.740058872381563e-15,-3.2027479224272317e-15,-7.599655993928506e-15,-1.261297838471852e-15,-1.6653345369377348e-15,-2.220446049250313e-15,1.1102230246251565e-15,-8.64256617819663e-17,5.982539880806809e-16,-3.2832252764693662e-15,-0.014362034867720508,-0.0404810485498092
566,-1.734266618456659e-15,-2.834006974589143e-15,-2.2246454395664405e-15,-1.4551759696037628e-16,-1.2680946149542613e-15,5.879830351425801e-16,1.3322676295501878e-15,-1.6653345369377348e-15,-2.220446049250313e-16,5.488099711922618e-16,1.0510984525995391e-16,-9.536034212239705e-16,-0.0412609362187477,-0.0389733429111532
567,-6.716812616011076e-16,-1.9194055171242066e-14,-4.002823293712849e-15,6.016462163860469e-15,2.0698541304706367e-15,-8.824643661108011e-15,-1.1102230246251565e-16,-6.217248937900877e-15,-4.884981308350689e-15,5.050718266999404e-15,2.1717410917462283e-15,-7.1042838959449185e-15,-0.041260936218747706,-0.0389733429111532
568,-2.1359195421245486e-15,2.4677030664636072e-15,1.7559242439479555e-15,1.786566457946963e-15,-9.597264642435879e-16,-2.6561910667065157e-15,-1.2212453270876722e-15,3.3306690738754696e-15,-4.440892098500626e-16,6.83767072301352e-16,1.0671071723506042e-15,-8.795841048525992e-16,-0.04553364101638542,-0.03864728914695576
569,1.367424317084551e-15,-2.629378571566031e-15,-2.9727398149354166e-15,1.4269824692083896e-15,1.4722503831381414e-16,3.4283491745900605e-15,6.439293542825908e-15,4.440892098500626e-15,3.3306690738754696e-15,7.134912346042055e-16,4.147271914407262e-16,1.0182017736407936e-15,-0.04126093621874769,-0.0389733429111532
570,-5.69064524544618e-15,-3.9927070172869976e-15,-1.98840102805857e-15,-1.8841160507790647e-15,-4.2518050842658285e-15,-6.2078374723509325e-15,-2.4424906541753444e-15,-9.992007221626409e-15,2.220446049250313e-16,2.8373282682518702e-15,-1.4006466174514963e-15,-5.384238299631342e-15,-0.0230849136929988,-0.03999212398673655
571,-2.9873079578058433e-15,2.563807165320249e-15,1.0306444763299485e-14,-1.2203801190193847e-15,-1.404807354588416e-16,7.875322658218812e-15,-1.1102230246251565e-16,2.6645352591003757e-15,-2.220446049250313e-15,-6.101900595096448e-16,-2.141327989154973e-15,4.186613463525012e-15,-0.04126093621874769,-0.03897334291115318
572,-1.6516952871774517e-14,4.154264190388895e-15,1.2702091814413578e-14,-3.17526558068241e-15,-1.1032910444747852e-14,-1.182135671924078e-14,-4.440892098500626e-15,2.220446049250313e-16,2.886579864025407e-15,-1.9699862082133195e-16,-3.422845403899293e-15,-9.941948024670881e-16,-0.041260936218747685,-0.038973342911153196
573,-3.3559278901904445e-15,1.1939137092425072e-15,-1.193189380476599e-14,-3.0099202148502377e-15,-3.559817049380037e-15,4.239751310313886e-15,-6.661338147750939e-16,8.881784197001252e-16,-4.551914400963142e-15,-1.8856467494745815e-15,-1.9005133162214296e-15,9.633548505127372e-16,0.0031369126143246397,-0.03313312781507177
574,3.795927193515183e-14,3.593648800205036e-14,1.651966793212273e-14,-3.010334753530046e-14,2.253528468875528e-14,-1.9769937543819796e-14,2.220446049250313e-16,0.0,0.0,1.1313887102270396e-15,1.4884786570548595e-15,0.0,-0.04736272367385884,-0.038507710282104805
575,6.089165342255049e-15,1.644726780901268e-14,1.2896379788041086e-14,-8.26633767012309e-15,-9.240075478066064e-15,1.4049851837006185e-14,2.220446049250313e-16,8.881784197001252e-16,-1.7763568394002505e-15,1.04036568909784e-15,7.355373918552011e-16,4.654942493621851e-16,-0.0412609362187477,-0.0389733429111532
576,-9.187591848757821e-16,8.629158826900711e-15,-7.0543683904457275e-15,-3.622036325498304e-15,-3.780189600555831e-15,3.542293774870354e-15,-1.2212453270876722e-15,3.552713678800501e-15,-5.329070518200751e-15,-1.8110181627491167e-15,-1.7593079782500517e-15,1.1876385699999706e-15,0.006257840750806856,-0.013920573302791029
577,1.3920521005129393e-15,1.6853320487868378e-15,-4.094983941278749e-15,-5.046121037826108e-16,2.3396450396496063e-15,2.592031677029687e-15,1.1102230246251565e-15,2.220446049250313e-16,-4.440892098500626e-16,-1.9586078366539163e-16,4.4032151834098804e-16,1.1229311243308835e-15,0.006045519953291764,-0.01469424604721512
578,-6.808512726875023e-15,6.106555355204989e-16,1.3605097546911564e-15,-1.4452351168411655e-16,1.7306264667634091e-15,-2.0344075966080495e-15,-1.9984014443252818e-15,3.3306690738754696e-15,2.220446049250313e-16,-2.2327606074124995e-15,1.5866115436594745e-15,7.728341463670043e-16,0.017593653987289622,-0.028872237531053054
579,2.5786363966868756e-15,-1.6034465760280907e-14,-3.27593329542701e-15,-3.1568992128174513e-15,8.55722089422509e-17,6.679907236995971e-15,1.5543122344752192e-15,-1.5543122344752192e-15,4.440892098500626e-16,-1.0568060844620184e-15,-5.923771358282927e-16,-6.865024604258557e-16,0.01895492938336362,-0.02875030063830277
580,1.8672942517018594e-15,-5.2381331058991184e-15,-1.3784971999403684e-14,2.534083441722754e-15,9.089239004552463e-15,-6.8557327579189875e-15,1.3322676295501878e-15,-2.220446049250313e-15,0.0,1.2670417208613957e-15,8.099386624938332e-16,2.1076236151375837e-16,-0.0059745766969713605,-0.02110314084787118
581,-1.0142512800125875e-15,-2.554072530621638e-15,1.0194910992904107e-14,-6.944519648434462e-16,-5.730858975516918e-16,-6.8237498773213444e-15,-5.551115123125783e-16,-4.440892098500626e-16,1.3322676295501878e-15,-5.651491135510129e-16,1.6091778485044485e-16,-1.9220177138933844e-15,0.012091839139948346,-0.033974661850708895
582,6.368624403902812e-15,1.6096095054821512e-17,4.373218283521572e-15,2.6717214690514867e-15,3.3116814749493137e-15,1.2077053218413517e-15,1.3322676295501878e-15,-6.661338147750939e-16,-2.220446049250313e-16,1.4046348640613476e-15,8.559653844541661e-16,-5.106899184218209e-16,-0.01816839783153725,-0.0387932084487762
583,-1.8212004593456626e-16,-1.6112577734650103e-15,7.080693142883062e-15,-1.5201499050897646e-15,-1.8090264122148173e-15,3.800357561708795e-15,-4.440892098500626e-16,-1.9984014443252818e-15,-5.551115123125783e-16,9.084350932283043e-16,-1.5982081935738651e-16,9.36742718846176e-16,0.01202104717358918,-0.02768473963077506
584,7.204931475666434e-15,2.2600701626760328e-15,1.37192284762994e-14,4.367835296530352e-15,1.7941183616652826e-15,4.356329163061187e-15,4.440892098500626e-16,-5.551115123125783e-16,-2.1094237467877974e-15,2.4390313537951284e-15,4.469879701817859e-16,1.1374853138796025e-15,-0.06360268625940933,-0.037268424821903574
585,5.2763747156946095e-15,2.641559579770299e-15,9.082604041386731e-15,2.4338893029938186e-15,8.449114233166302e-16,3.693983007274529e-15,2.220446049250313e-16,-3.3306690738754696e-16,-2.1094237467877974e-15,1.2979669625596586e-15,3.628141489270611e-16,1.5236050615745847e-15,-0.08608686652457846,-0.1198180258787023
586,6.7634870838967965e-15,1.2612980503992227e-15,2.1203272182314734e-14,2.463408462316352e-15,4.725817759510141e-15,-3.76943273230825e-16,-1.1102230246251565e-16,4.440892098500626e-16,2.220446049250313e-16,2.084105371262365e-15,8.025408132278211e-16,-8.988291657599801e-16,-0.08942378712482613,-0.16506455490818736
587,-1.3538247603690203e-14,-7.603043068752519e-15,-4.165236556597613e-17,7.630984254662596e-15,-7.842072508483721e-15,9.738666558999011e-15,-2.9976021664879227e-15,3.3306690738754696e-15,1.5543122344752192e-15,1.2120350637937226e-15,-1.9095398746953994e-15,2.7803514060905786e-15,-0.09229883050561835,-0.14072618539849413
588,5.556987571585376e-15,2.353681807394515e-15,2.0608293337798833e-14,-2.433468833150881e-15,3.4101585793746487e-15,1.4048573941536858e-14,2.4424906541753444e-15,-7.771561172376096e-16,5.329070518200751e-15,3.0545948792467704e-16,3.76381160506526e-15,2.222328434930863e-17,-0.08667565241510354,-0.1642082159006176
589,-3.90363780794259e-17,-1.6618757697418374e-15,-8.224727610905798e-15,-1.663489248566281e-16,1.6024423564071961e-15,-4.045129160216084e-15,-1.2212453270876722e-15,0.0,0.0,-1.0623892671174274e-16,-9.607770991953218e-16,0.0,-0.1081480133184661,-0.17739182960651637
590,-1.7412307483624024e-15,-1.1162671966573141e-14,-3.8035341539697135e-15,5.4123429373665505e-15,-3.2985762418297486e-15,3.26489376889264e-15,-4.440892098500626e-16,8.881784197001252e-16,-1.3322676295501878e-15,-7.564644904822356e-17,-1.147268579469107e-15,5.003880785093976e-16,-0.09972345742038843,-0.15010187144576986
591,-3.2927519379329243e-15,-6.83502047617921e-16,4.899636761471213e-17,2.672290441705438e-16,-4.462600590380259e-15,-5.556356792871837e-16,8.881784197001252e-16,1.1102230246251565e-15,6.661338147750939e-16,1.3422894900978811e-15,-5.59580415924612e-16,1.7465930255292832e-16,-0.1078501931865579,-0.17720897381387266
592,4.504095867878421e-15,2.50194949683894e-16,2.560214025431232e-15,1.243900082319558e-15,1.4416476671701407e-15,-6.855464687160226e-16,1.5543122344752192e-15,0.0,2.220446049250313e-16,8.887140600037594e-16,5.550083510078793e-16,-3.81953980685829e-16,-0.0774068799576153,-0.1585173691345192
593,4.847413237362458e-15,1.9147306553686025e-15,1.514799192998816e-14,2.981758342040786e-15,1.0284061531477818e-15,9.630143475786094e-16,2.220446049250313e-16,-1.1102230246251565e-16,2.220446049250313e-16,2.2013310412459873e-15,-3.853667228693899e-16,-2.95684844050881e-17,-0.08267281323852904,-0.16245324695056956
594,4.679553391858259e-15,1.6130391083754296e-15,1.3166562373834704e-14,2.4930701855946872e-15,-1.6555342610069523e-16,1.5285155577299386e-15,-1.1102230246251565e-16,-2.220446049250313e-16,6.661338147750939e-16,1.8668508973638534e-15,-2.0333397026336426e-16,-6.311332597356583e-19,-0.06770779981571841,-0.15906252540945592
595,-1.9608117015313074e-14,-7.471188940557129e-15,-3.3766318601056433e-15,1.3506344031283812e-14,-8.560355905764561e-15,4.132967655057607e-15,-1.3322676295501878e-15,0.0,0.0,-3.0667569741420706e-16,-8.483132507613624e-16,0.0,-0.07877119752051977,-0.1344039080717726
596,2.448272385885585e-15,-2.2924737501091946e-15,-3.2943549989915718e-15,2.8743157757394476e-15,-4.083211225126469e-16,1.0802812882877446e-16,1.7763568394002505e-15,-1.4432899320127035e-15,-1.9984014443252818e-15,1.878732107866565e-15,-3.092899815424143e-16,-5.701875284400074e-16,-0.14293116959769014,-0.1987480138622209
597,-1.6204930010444432e-15,-7.146322580560523e-16,4.299576725628649e-16,2.346966568572317e-15,-5.47721626246106e-15,1.0339090593515814e-15,6.661338147750939e-16,0.0,0.0,1.5997796801671908e-15,-1.344609067363337e-15,0.0,-0.1505347348055148,-0.18494919110211447
598,-2.2713980453571557e-15,-1.6877208268176048e-16,-7.170883669552562e-15,5.9433861296066515e-16,-3.682819166025702e-15,1.939132789363264e-16,1.1102230246251565e-15,4.440892098500626e-16,-1.4432899320127035e-15,6.676128040994017e-16,-5.822830810786839e-16,-2.326502197398808e-16,-0.1292574258614798,-0.16420335762109323
599,-7.529016061549239e-15,-3.918880124384788e-15,-3.918880124384779e-15,2.875755192627951e-15,1.1244267118797763e-15,1.872085040153749e-30,-8.881784197001252e-16,0.0,0.0,-6.054155868406997e-16,5.622133559398924e-16,0.0,-0.18961894378329536,-0.2153146779361885
600,-2.4827333769258213e-16,-1.9561552262369224e-15,-1.6972835033946487e-15,-1.2653555301415413e-15,5.594615852821479e-16,1.2226387642185436e-17,-3.3306690738754696e-16,0.0,2.220446049250313e-16,-1.2246191048180688e-16,3.7016861145410387e-16,-1.510073499666304e-16,-0.134405226248207,-0.176526300007057
601,-1.2348343425499043e-15,-5.028703601775689e-16,-1.892403871053511e-15,-7.331535939077351e-16,2.5946009419647053e-16,5.931943524543467e-16,-3.3306690738754696e-16,-2.220446049250313e-16,-3.3306690738754696e-16,-8.714466838260692e-16,7.379910556259526e-17,4.277556807018284e-16,-0.14994672033111575,-0.15890769267755256
602,-2.308325218670698e-15,-5.521444895805575e-16,-2.4623167512955486e-15,-2.459389750503129e-16,2.620476810319208e-16,7.945029244365365e-16,-3.3306690738754696e-16,2.220446049250313e-16,4.440892098500626e-16,-4.716151985799424e-16,1.8430850646296568e-16,1.0985737336114314e-16,-0.07981204261410914,-0.10957519660918151
603,1.596221108826297e-16,-2.473978669398122e-16,5.576832206094071e-16,-1.3444785441168744e-16,2.9109174764332936e-16,2.3218597265413826e-16,0.0,-1.1102230246251565e-16,2.220446049250313e-16,5.0528847115716144e-17,8.994954284793924e-17,7.451094634055167e-17,-0.041289769680408935,-0.08550231476002737
604,1.7555686643381757e-16,-3.9492067197308706e-16,3.930066792480679e-16,-3.345607631726123e-16,2.7432199101738176e-16,3.87706397083943e-16,0.0,-1.1102230246251565e-16,2.220446049250313e-16,-1.404808812664607e-16,8.071036847264536e-17,1.4818417036070977e-16,-0.07177165099473891,-0.06994677663231813
605,7.508630136385353e-16,8.118453960225995e-17,8.859693416294169e-17,1.2899401841655044e-16,3.4764512685467384e-16,2.1008394557279163e-17,4.440892098500626e-16,-2.220446049250313e-16,0.0,1.7789885020104475e-16,1.2206470704884344e-16,-2.707564998146583e-18,-0.0696250207413061,-0.14141977948531
606,1.1007127217229754e-15,2.472101690505547e-16,6.493714144661842e-16,5.305527266733142e-16,8.134509012378415e-16,1.9923630931045132e-17,2.220446049250313e-16,-4.440892098500626e-16,-1.1102230246251565e-16,4.22861547725813e-16,3.7539098153165055e-16,-7.871636915038203e-17,-0.05842942594959504,-0.040970549381523856
607,3.1449546684623405e-16,-6.006303748353961e-18,-4.2679408798886138e-16,2.390577007361009e-16,9.634189674783355e-16,-1.8614176750054893e-16,4.440892098500626e-16,0.0,-1.1102230246251565e-16,1.291135758970103e-16,5.250929400728182e-16,-1.617470824461573e-16,-0.07265183167189515,-0.11683802369765746
608,5.550296704927471e-16,-5.407018825771694e-16,-4.4267538821971314e-17,-4.63024471465379e-16,4.1464517016755497e-16,-1.3613500780765853e-16,4.440892098500626e-16,0.0,0.0,-3.2798406900226235e-16,1.6952144088322783e-16,-7.547457931036538e-17,-0.06861381127666824,-0.08093215245742193
609,-2.7902376097518084e-16,-2.4755916764225137e-16,3.6773633668386473e-16,-1.325385973853083e-16,4.1038320113179204e-16,-2.317847223952312e-17,4.440892098500626e-16,2.220446049250313e-16,2.220446049250313e-16,-4.63835400204136e-17,2.697864163324491e-16,2.456243470474292e-17,-0.06481740765571109,-0.07395573016765496
610,4.1050055013380384e-16,1.5457038980810655e-17,2.1046745591769455e-16,1.0179200137024601e-16,2.9935696286809394e-16,7.362173392063419e-17,4.440892098500626e-16,0.0,2.220446049250313e-16,7.856693924832034e-17,3.010444340129296e-17,1.4960170671540477e-18,-0.047719963141187614,-0.11976250564687609
611,-1.1249806857265782e-15,3.7433894623184153e-16,1.9605602928063306e-16,2.9882804794244903e-16,-7.471971828249835e-17,-5.363000616065332e-16,-1.1102230246251565e-16,2.220446049250313e-16,0.0,2.8459609970046236e-16,-4.663061331323563e-17,-2.490681336717241e-16,-0.045286410779615906,-0.05370148697290608
612,-1.538191943792828e-15,-1.0607993889598813e-15,-1.3573614193009933e-15,8.7214093916389435e-16,-3.488565435556541e-16,3.9321283918214e-16,0.0,-1.1102230246251565e-16,-1.1102230246251565e-16,6.296445465212021e-16,-1.1009623849858387e-16,-1.0749822675831632e-17,-0.05874271204667136,-0.15956642616923447
613,3.528228299641659e-17,2.8414271354916866e-16,2.326096702950521e-16,6.727709900983651e-17,-6.536418885011216e-17,-4.0026836414325125e-16,0.0,2.220446049250313e-16,-1.1102230246251565e-16,1.545323866487615e-16,-5.238685357689961e-17,-3.161424749788601e-16,-0.028995568293000765,-0.13325093349666928
614,4.3142418383500923e-16,7.881164991015109e-16,1.8822930515592613e-16,3.143065251112546e-16,9.916511505560196e-17,-3.8109994542316584e-17,2.220446049250313e-16,0.0,-2.220446049250313e-16,2.6120742724611954e-16,-6.479090458226021e-17,-2.4394804759283755e-16,-0.05095405938660965,-0.160004203031454
615,1.3433357831600606e-15,7.924090632799132e-17,9.066750383891357e-16,-3.3109903156498454e-16,-1.26716622911655e-16,1.9756692578924198e-16,4.440892098500626e-16,-3.3306690738754696e-16,0.0,-1.6419468812466508e-16,5.514875650320857e-20,3.8152862256611195e-17,-0.06329243433350012,-0.15279279431653034
616,5.637500222815056e-16,-8.436187658174719e-16,1.0491265990253578e-15,-1.0378513753316474e-15,-1.4059359065784077e-16,1.153226411005915e-15,0.0,-5.551115123125783e-16,4.440892098500626e-16,-2.426900815649169e-16,-1.209583202914523e-16,2.8519237838603474e-16,-0.027076675018794433,-0.14251031717800602
617,2.5039917201265467e-15,1.5754537746441106e-15,1.7513055611963768e-15,9.913608438563645e-16,-5.551507472259036e-16,3.496335333466468e-16,0.0,-3.3306690738754696e-16,0.0,-2.907058503347787e-17,4.822877841605008e-18,3.186781186277458e-16,-0.04126093621874769,-0.038973342911153196
618,1.2951098692185245e-15,-1.1201798682173166e-16,4.919925094978488e-16,-4.0334910344722794e-16,1.742443693997045e-17,-3.399711031489047e-16,-5.551115123125783e-16,2.220446049250313e-16,-6.661338147750939e-16,-4.2914922262926326e-16,-3.463944872239392e-17,1.7353718384507132e-16,-0.04126093621874769,-0.0389733429111532
619,3.3958904573998647e-15,5.603598312003856e-16,-5.473612073048651e-16,-1.1382628296993294e-15,-9.624893040057108e-17,6.291556835118401e-16,-6.661338147750939e-16,-1.1102230246251565e-16,-1.887379141862766e-15,-3.17112762679644e-16,8.125749953365305e-16,2.0120895152893378e-16,0.026156645191613783,-0.03853314058927416
620,3.448484426843547e-15,6.0208358261421856e-15,-1.1428426162363911e-15,1.1976586226330626e-15,-1.237851543971353e-15,-2.435648111271401e-15,1.3322676295501878e-15,-7.771561172376096e-16,8.881784197001252e-16,-5.538895234067886e-16,-1.0530212746397454e-15,5.095867085666248e-16,0.023441161071660735,-0.04259994890686211
621,1.7611327844722946e-15,4.501908648666575e-16,-8.28808298027799e-16,8.801442518966165e-16,1.56189510554428e-15,-7.945720491354849e-17,-1.7763568394002505e-15,4.440892098500626e-16,6.661338147750939e-16,7.973010796964495e-17,1.8041205962491393e-16,1.0100047728548132e-15,-0.041260936218747685,-0.0389733429111532
622,-6.960830044085057e-17,-1.3756551314202684e-15,2.015886030688063e-15,-6.021797519127131e-16,3.703268412633942e-16,9.207409622984248e-16,-4.440892098500626e-16,-1.4432899320127035e-15,-4.440892098500626e-16,7.805357099416042e-16,1.0608557895138903e-15,-1.0136275361040001e-15,-0.04126093621874772,-0.03897334291115321
623,-8.238250768542591e-16,-6.148487825464167e-16,-2.896192385924813e-16,8.280503579764448e-16,-2.4415453586490143e-16,3.1037486255942444e-17,-2.220446049250313e-16,0.0,0.0,2.8795357055674817e-16,-2.5326201481936058e-17,0.0,-0.23610619033685212,-0.23483189828139284
624,1.352130557768269e-14,6.7976771253555035e-15,5.801379757508302e-15,9.62786817026092e-15,-7.209605222101775e-15,-2.476111596531635e-15,-6.661338147750939e-16,0.0,0.0,-1.1429902704016306e-15,5.119136087474917e-16,0.0,-0.0894295430169891,-0.18886063609478154
625,2.3407878638622395e-14,6.803928733380751e-15,3.0024340450268136e-15,1.186077657556004e-14,-7.65487246576475e-15,-3.0373782730087806e-15,-7.771561172376096e-16,0.0,0.0,-1.2878984959423913e-15,6.881887116740519e-16,0.0,-0.1302092617766615,-0.19093700886517703
626,-2.0124349294248823e-15,-4.641810926479365e-16,-3.303389572326257e-16,-9.574640663114917e-16,4.43016556657576e-16,9.209482985391462e-17,-5.551115123125783e-16,0.0,0.0,-6.370002147430016e-16,1.974396778103876e-16,7.198355760141733e-30,-0.26243021010707535,-0.2355048119859389
627,1.0831928062196478e-15,2.5574847826413667e-16,-2.0953004253452365e-16,3.363526695342759e-16,-7.001024406294234e-16,4.531978480348389e-16,-2.220446049250313e-16,-2.220446049250313e-16,-5.551115123125783e-16,7.293192211156046e-17,-1.0655208479734873e-16,8.101662780998019e-17,-0.2624404640090302,-0.23482360120658613
628,2.4677256602993257e-15,1.6406027540671815e-14,6.52849341505566e-15,2.439307905381049e-15,3.888482074940615e-17,-7.716540713516102e-15,1.9984014443252818e-15,0.0,0.0,7.769072427942196e-18,6.088115262876441e-16,0.0,-0.22749180654753542,-0.21548959053200012
629,-6.829437509656652e-16,1.3154576933596177e-15,1.1360924898633522e-14,4.3888728724635086e-16,-1.7687878365816244e-16,3.3807743916703876e-15,-9.992007221626409e-16,0.0,0.0,2.1944364362317558e-16,7.273780910902967e-16,-1.232595164407831e-30,-0.18040961216837173,-0.17087253391824547
630,1.2119871486883532e-15,4.35035087423309e-16,1.4726267848098802e-15,-3.4484905690060252e-16,-7.381044192928964e-16,-6.13171170543905e-16,2.220446049250313e-16,-1.9984014443252818e-15,2.220446049250313e-16,-1.2763141642925648e-15,-1.1260435562342908e-16,5.277871535595171e-16,-0.17488091313970816,-0.21505532702839858
631,-2.176006427053539e-15,1.6852664029988978e-15,-8.291193174613631e-16,-2.4731636642040153e-17,7.974599074269866e-17,1.0389625150682151e-16,4.440892098500626e-16,1.1102230246251565e-15,-1.1102230246251565e-16,-1.2693963469007545e-16,-8.258472113333599e-17,3.484632997383894e-17,-0.20971385287366992,-0.20479229923570333
632,-3.782482507199586e-16,1.4505377445640973e-16,-3.572449680502921e-16,-2.752926533374014e-16,2.9293020065819766e-16,1.7216974695060671e-16,4.440892098500626e-16,2.220446049250313e-16,0.0,-1.351633359169332e-16,2.5065268340094372e-17,9.828020789944454e-17,-0.17206705909284992,-0.14263018675566932
633,-1.4189905058759191e-15,1.9809082751812755e-15,7.363764539123743e-16,-2.004799257670901e-17,3.3170920470060073e-16,-4.677759410930241e-17,0.0,4.440892098500626e-16,0.0,-3.7078723600121586e-16,2.327423705897476e-16,-1.0495623011298699e-16,-0.18758693314746774,-0.15663000951872183
634,-1.3524874352128152e-16,1.1257879093439457e-15,-2.1049254778885042e-16,6.529100108373968e-16,8.570774910890293e-16,3.99795740971937e-18,0.0,2.220446049250313e-16,0.0,4.09472651394704e-16,3.9738169043190297e-16,2.0986820581570498e-18,-0.06541418084759629,-0.0790548141382204
635,-1.7695064739666502e-16,2.4543232726829876e-17,4.921335591657119e-16,-1.1887994476083885e-16,3.2289732194723246e-16,9.943978569114842e-17,0.0,0.0,2.220446049250313e-16,-9.111168768132873e-18,3.030004416604041e-16,4.670900618490025e-17,-0.10999135722489764,-0.12230484940233337
636,1.3487984534094745e-16,-4.2202646182731003e-16,6.143196018681133e-16,-3.277171833688975e-16,4.221350523532178e-16,2.1028489293411668e-16,2.220446049250313e-16,0.0,2.220446049250313e-16,-2.289751765364896e-16,2.7166866464145437e-16,4.53968049634258e-17,-0.10622426945615188,-0.12128380912365314
637,3.8015796524863944e-17,-1.369201992981772e-16,-6.5735325537368e-18,-5.94366650823626e-17,2.493559556281606e-16,1.2336065688546427e-16,4.440892098500626e-16,2.220446049250313e-16,0.0,-3.6336535707895326e-17,2.679045604354343e-16,2.3544371307978575e-17,-0.0412609362187477,-0.0389733429111532
638,-9.66173879270273e-16,2.7082983167023817e-16,3.891081018515596e-16,-3.2059034747013243e-16,3.5561555960972764e-16,-1.4811466878209738e-17,2.220446049250313e-16,2.220446049250313e-16,2.220446049250313e-16,1.1324238992222367e-16,2.549179006607447e-16,7.660930264378828e-17,-0.0412609362187477,-0.0389733429111532
639,-6.333181568041118e-16,4.754811232144999e-16,-3.283455330972739e-16,-1.64082123547079e-16,3.7471095609274433e-16,-1.3983649584133782e-16,4.440892098500626e-16,2.220446049250313e-16,-1.1102230246251565e-16,4.035110077513845e-16,4.964133226988244e-16,9.135981074910495e-17,0.0,0.0
640,1.2935090005953258e-16,-1.901069627533064e-16,-3.908314520812339e-15,-1.7109500934919594e-15,2.7167448658474054e-15,3.6892793401044815e-15,-1.2212453270876722e-15,1.5543122344752192e-15,-9.992007221626409e-16,-9.995030673231613e-16,1.3826424156255622e-15,3.6833448880194387e-16,-0.08133045498708968,-0.035915603600161876
641,4.698761222875044e-16,4.2364604793309293e-17,9.728892611624363e-16,-2.680101529361025e-16,2.2677233939867486e-16,1.5423051049782031e-16,2.220446049250313e-16,0.0,-5.551115123125783e-16,-1.7217947219980136e-16,1.0285094056489729e-17,-1.1385282572688319e-16,0.0,0.0
642,1.8095433940343636e-16,-5.917719354567438e-16,9.007300058470623e-17,-8.099897936534308e-17,1.999613560515418e-16,-1.0886909033161322e-16,0.0,-5.551115123125783e-16,-7.771561172376096e-16,-2.7747990924930235e-16,-7.96734748119957e-17,-3.176932733584786e-16,0.0,0.0
643,2.4324772565507745e-15,-6.08203080339534e-16,-2.446712923544906e-16,3.351354218488524e-17,-2.306656177418902e-17,-3.185051011132408e-17,8.881784197001252e-16,-1.1102230246251565e-16,-2.220446049250313e-16,-1.6521019497900377e-16,1.5632891791405013e-16,-3.468317343811664e-17,0.0,0.0
644,5.125329649653315e-16,-1.747748719312822e-16,-7.445308579816884e-16,-7.228756469254979e-16,-7.473525883951911e-17,-5.723181970543371e-16,-1.1102230246251565e-16,8.881784197001252e-16,0.0,1.14377641792427e-16,4.706694850057189e-16,6.619836055019571e-16,0.0,0.0
645,-3.6394855882910785e-16,-7.242043329277084e-17,-8.935290828223198e-17,1.0554755261194975e-16,4.386180915257103e-16,5.642631343786541e-17,2.220446049250313e-16,2.220446049250313e-16,-1.1102230246251565e-16,1.8587844203755703e-16,3.5298781503214967e-16,-1.797024551341568e-17,-0.2060187272240822,-0.0264005347059512
646,1.3244324083576031e-15,-3.423454219303101e-16,-5.138335686889031e-16,-1.8237039919022382e-16,-1.711136083938064e-17,-2.6287358602821228e-17,6.661338147750939e-16,-1.1102230246251565e-16,-2.220446049250313e-16,-1.159291237313075e-16,1.2564664123279173e-16,3.58145589728272e-17,-0.2060187272240822,-0.0264005347059512
647,5.353338667477897e-16,9.515298786884569e-17,-6.381796411314411e-17,-6.58084236985457e-16,1.517747933719304e-16,1.5181552148714075e-16,2.220446049250313e-16,0.0,-1.1102230246251565e-16,-2.7081614492699046e-16,6.300870282907542e-17,3.6621182942111536e-17,-0.0412609362187477,-0.0389733429111532
648,-1.3112466159690694e-15,-8.781038791433164e-16,4.778246720194409e-16,-4.96464901048871e-16,-6.424359947785882e-17,1.0659517556142499e-16,-2.220446049250313e-16,2.220446049250313e-16,6.661338147750939e-16,-1.717435886223761e-16,3.975846861459073e-17,-6.726466811941916e-17,0.0,0.0
649,6.73707496950737e-16,-6.6760032029978886e-18,1.5166228569004769e-16,-1.2165372098832883e-16,1.0024399849480415e-16,-8.88244331610698e-17,2.220446049250313e-16,-1.1102230246251565e-16,-2.220446049250313e-16,-1.3335839071138868e-17,1.7553317314875877e-16,-1.3869663073259055e-16,0.0,0.0
650,6.401656294575709e-16,-2.529388313624846e-16,-2.5604247059304913e-16,-5.74929221139125e-17,2.7562135171733952e-16,3.239468781468722e-17,0.0,0.0,-1.1102230246251565e-16,3.404395619134033e-17,1.9938791783223494e-16,2.793234545532449e-17,0.0,0.0
651,-4.2577468509302855e-16,-1.0858602401285408e-16,3.8125333654722344e-16,-2.3483495139631216e-16,-8.544355313243744e-17,-4.900319972745245e-17,0.0,2.220446049250313e-16,4.440892098500626e-16,-4.899722404818547e-17,2.1575004642312683e-17,-8.002644303737294e-17,0.0,0.0
652,-7.980274858261582e-16,-3.942564948849316e-16,-3.326070472153898e-16,-2.2244594003277553e-16,1.974255091516053e-16,-4.2658583361765485e-17,-2.220446049250313e-16,2.220446049250313e-16,2.220446049250313e-16,-1.5388613188134248e-17,1.3679316478215692e-16,-4.7166045080997755e-17,0.0,0.0
653,5.942275964185831e-16,1.9112953545607068e-16,1.555704959523457e-16,-3.1893305315936064e-16,1.772101119784508e-16,-1.6835560717982706e-17,2.220446049250313e-16,-1.1102230246251565e-16,-1.1102230246251565e-16,-6.479612364734221e-17,1.2836190915565925e-16,-8.374530591374653e-17,0.0,0.0
654,3.317411540939753e-16,1.736146798298564e-16,8.443176013717016e-17,-1.808103506629391e-16,1.8493243595574804e-16,1.3096749085215937e-16,0.0,-1.1102230246251565e-16,0.0,2.5576914363642087e-17,9.17953313146449e-17,2.0079595142029694e-17,-0.06169704815365757,-0.07582250984271721
655,-4.886369080396375e-16,-3.380767004055803e-16,3.20094587408565e-17,-5.794902953902229e-16,5.686356562718946e-17,1.9744467263268503e-16,0.0,0.0,2.220446049250313e-16,-1.7565590283179248e-16,1.3705502477910254e-16,3.1982792335502632e-18,0.012949416410910386,-0.03956389162669746
656,6.195353145335962e-16,7.999712261848552e-17,9.501736309901548e-17,-1.9095820735946542e-16,6.608746776552206e-17,-7.898631724924077e-17,2.220446049250313e-16,-1.1102230246251565e-16,-1.1102230246251565e-16,-2.5748143953224948e-17,1.6641368861087795e-16,-1.3073603877674234e-16,-0.012420702173715352,-0.04268451789887282
657,1.4133236525823661e-15,-3.127946181183565e-16,-1.8474024375294187e-18,-8.30499103834188e-17,2.7207892951768716e-18,-5.748208492391578e-17,4.440892098500626e-16,-3.3306690738754696e-16,-1.1102230246251565e-16,4.000478281604832e-17,5.404808186883822e-17,-1.0357652677577175e-16,-0.040340832968128994,-0.03987359035707917
658,8.760335139145986e-16,-6.48708229660171e-17,9.199385502176944e-17,-1.7424918810252927e-16,8.577307453154045e-17,8.289712209123894e-17,2.220446049250313e-16,-2.220446049250313e-16,-1.1102230246251565e-16,6.389890839205775e-17,1.0456507385527683e-16,-2.372129662592196e-17,-0.03739793110375766,-0.04162834828138399
659,8.001034728770475e-16,-1.086866458717956e-16,1.3237666252104873e-16,-3.269273889213342e-16,9.501825128928693e-17,1.916475495113236e-16,0.0,-3.3306690738754696e-16,0.0,3.407473568530479e-17,8.154713658968056e-17,-4.131187891031635e-17,-0.044144869179217505,-0.052984125470354936
660,-3.3614497730107423e-15,-1.3147521312082678e-15,-1.920536462846154e-14,-1.1651448959909552e-15,-1.1934156261764215e-15,-5.346765694787666e-15,2.220446049250313e-16,2.6645352591003757e-15,2.220446049250313e-16,5.945089288231372e-16,1.724287579061852e-15,-3.112594852566871e-16,-0.04895452863682311,-0.0541822283657562
661,-7.142454450985532e-16,9.71770276320867e-16,-1.0426541536505361e-14,8.984379941667164e-16,-3.2915502902645658e-15,-1.9613970640818626e-15,1.5543122344752192e-15,1.5543122344752192e-15,-8.881784197001252e-16,1.1808353802407768e-15,-9.600909389839625e-17,-4.7080518417038697e-17,-0.07664145326885632,-0.09241438408953602
662,3.594190003255004e-15,2.2044118371740536e-15,6.550632242524495e-15,1.2200706436569795e-15,1.7078586891215118e-15,1.3754166245484345e-15,4.440892098500626e-16,4.440892098500626e-16,-1.2212453270876722e-15,6.802402217683692e-16,6.447985449778864e-16,8.171900304770634e-16,-0.0412609362187477,-0.0389733429111532
663,-3.936708222110033e-15,-1.435187569844209e-15,-1.0512129090864769e-14,-3.20523442491494e-16,-5.542435945380979e-15,-1.3634946203566546e-15,6.661338147750939e-16,1.1102230246251565e-15,4.440892098500626e-16,7.932582670596398e-16,-4.0922025855408287e-16,1.0928937553610072e-15,-0.0412609362187477,-0.0389733429111532
664,5.812246540568129e-16,-2.794407810690296e-16,2.2758391341934758e-15,2.1710494623742498e-15,-2.8089986456843316e-15,7.44991306882875e-16,6.661338147750939e-16,0.0,0.0,1.938152421478358e-15,-2.507941482574172e-16,0.0,0.0,0.0
665,-5.021395645919698e-16,-1.0596331682256024e-15,7.849047731148848e-17,-2.5395554241454505e-15,1.1803189780323813e-16,-1.87762375901876e-17,4.440892098500626e-16,4.440892098500626e-16,0.0,-1.1833536228733682e-16,3.45922528858033e-16,2.3390022517281657e-16,0.0,0.0
666,5.738126645597158e-16,1.2972345470965374e-16,1.2972345470965305e-16,-5.874160280437041e-16,-4.07094995223195e-17,-7.639957372256461e-33,2.220446049250313e-16,0.0,0.0,-2.937080140218519e-16,-2.0354749761159738e-17,-2.7733391199176196e-32,-0.0412609362187477,-0.0389733429111532
667,-1.358937311212593e-16,8.615087380377261e-17,8.615087380377227e-17,-2.494383440538242e-16,2.059715458699743e-17,-3.156129856732065e-18,-1.1102230246251565e-16,0.0,0.0,-1.2471917202691216e-16,1.029857729349874e-17,-1.578064928366009e-18,0.0,0.0
668,-4.5331470672899285e-17,-2.0646162509112278e-17,-4.287545462063937e-17,-3.451720415272064e-16,1.55864595402307e-16,7.649613580459555e-18,2.220446049250313e-16,0.0,0.0,-1.0771448709590331e-16,2.6633362450140675e-16,3.7716631238710453e-17,-0.0412609362187477,-0.03897334291115321
669,4.53017624656701e-16,8.928414806639468e-18,8.92841480663843e-18,-6.963774737079576e-16,1.4491566451063308e-16,-1.2028796732995834e-16,2.220446049250313e-16,0.0,0.0,-3.4818873685397875e-16,7.245783225531652e-17,-6.014398366497906e-17,-0.0412609362187477,-0.0389733429111532
670,4.537881111794727e-16,3.194281295137856e-16,-2.4921604249732577e-16,3.053337278356568e-17,9.992741853141048e-17,5.728307799999585e-17,6.661338147750939e-16,0.0,2.220446049250313e-16,9.280553418537846e-17,3.688104778144371e-16,8.482370427768085e-17,0.0,0.0
671,2.0879079113903726e-16,-1.3253813785993676e-17,-1.3253813785993975e-17,-1.8964202951962154e-16,-5.434241756152608e-17,6.179948041278483e-18,0.0,-1.1102230246251565e-16,-1.1102230246251565e-16,-9.482101475981068e-17,-2.717120878076307e-17,3.0899740206392484e-18,0.0,0.0
672,-6.961573161513831e-16,3.827960749272467e-16,-3.341282345183217e-16,-3.663020720407266e-16,1.591229491215992e-16,-1.3006455014298275e-16,4.440892098500626e-16,2.220446049250313e-16,0.0,2.173689616539664e-16,4.525793960343383e-16,1.1138578530621491e-16,0.0,0.0
673,-3.934112778399915e-16,1.1818821033196335e-16,-7.384218751723667e-17,-3.9768516638037735e-16,2.614972402341201e-16,1.8377341065349806e-17,2.220446049250313e-16,2.220446049250313e-16,0.0,-3.7813560787852376e-17,2.8487755709799846e-16,-8.930700517178209e-18,0.2324371420590617,-0.07172127696531082
674,-1.9738685222187775e-15,-1.5297793123687131e-15,-1.5297793123687155e-15,-1.1190060507635063e-15,2.3175135691421363e-17,-5.186623413193177e-32,-2.220446049250313e-16,0.0,0.0,-5.595030253817542e-16,1.1587567845710705e-17,0.0,0.15482315054867132,-0.10313318754896181
675,-2.4257277567175047e-16,-4.54151710898191e-16,-9.561526488975174e-17,-8.906189903476327e-16,2.441479696971649e-16,-1.6768763405402014e-16,2.220446049250313e-16,0.0,2.220446049250313e-16,-4.527105614931371e-16,1.6941642327362408e-16,-9.560096193651221e-17,0.23243714205906174,-0.0717212769653108
676,-1.6720301416538393e-17,-1.4487413653244622e-16,2.238679237343166e-16,-5.318131036173588e-16,3.4653522988039994e-16,2.758581717557204e-17,0.0,0.0,2.220446049250313e-16,-2.5873477906480066e-16,2.319754107955556e-16,9.583221992174033e-18,-0.05461561174074052,-0.1559925356968641
677,-9.80034075891322e-16,-9.8003407589132e-16,-9.80034075891322e-16,-1.0177071572762913e-15,1.1304385116714565e-16,-2.3009107283776023e-31,0.0,0.0,0.0,-5.088535786381462e-16,5.652192558357287e-17,0.0,0.012487970700027594,-0.16073903741322162
678,-1.1876897195854743e-15,-2.995112998853485e-16,-7.436005097354116e-16,-4.508513652215831e-16,2.4259780285654293e-16,1.8584940527637387e-17,-2.220446049250313e-16,2.220446049250313e-16,0.0,-2.25425682610792e-16,1.2129890142827166e-16,9.292470263818812e-18,0.23243714205906177,-0.0717212769653108
679,-1.502826923521381e-16,-1.502826923521372e-16,-1.502826923521381e-16,-6.723279435516813e-16,5.643156112984771e-17,-2.7753941368340407e-31,0.0,0.0,0.0,-3.361639717758407e-16,2.821578056492386e-17,-1.0082919139586055e-31,0.18336298131988563,-0.09158255608661912
680,-1.5882063485296553e-15,-7.000279288295297e-16,-7.000279288295311e-16,-8.202507213622849e-16,-1.0382367009036539e-16,1.7032288057220467e-31,-4.440892098500626e-16,0.0,0.0,-4.101253606811431e-16,-5.1911835045182777e-17,0.0,-0.2318376350868806,-0.23133559128544925
681,-1.2851195090643904e-15,-3.96941089364264e-16,-8.410302992143275e-16,-6.331648432812789e-16,3.7744184892252623e-16,1.6334974803648907e-16,-2.220446049250313e-16,2.220446049250313e-16,0.0,-3.1658242164063994e-16,1.8872092446126334e-16,8.167487401824482e-17,0.0,0.0
682,-4.277528470048118e-17,-5.2969205692357143e-17,-2.8867160461156787e-16,-6.41566139009508e-16,4.336145722196811e-16,1.4207248056509753e-16,0.0,0.0,0.0,-2.877282433155731e-16,2.8903592986877117e-16,1.4399222702426448e-16,0.2324371420590617,-0.0717212769653108
683,-1.9109260559039348e-14,-2.2735828461589073e-15,-2.2735828461589925e-15,-7.384109694405265e-15,-1.346241482309668e-15,1.8078100310818155e-29,-4.3298697960381105e-15,0.0,0.0,-3.022231017693681e-15,-6.731207411548469e-16,0.0,0.23243714205906169,-0.0717212769653108
684,-7.124501163003674e-15,-1.0331831497063735e-14,-1.0331831497063697e-14,3.3724019381038527e-15,3.48547409778107e-15,5.53920323851925e-30,1.9984014443252818e-15,0.0,0.0,-8.915883735881412e-16,1.7427370488905473e-15,0.0,0.0,0.0
685,6.552017621129826e-16,-9.95957640309356e-16,-3.425410518856426e-16,-5.060614199517194e-16,1.386531133328519e-15,-9.694155128868714e-17,-3.3306690738754696e-16,-1.1102230246251565e-16,2.220446049250313e-16,-6.265442532049283e-16,6.686553757199552e-16,-5.618730901960892e-17,0.0,0.0
686,-4.909453614875063e-15,-5.555814976727831e-15,-5.555814976727813e-15,2.5081094129446503e-15,1.9935820297454353e-15,2.902116203530764e-30,8.881784197001252e-16,0.0,0.0,-8.098213854532931e-16,1.222236736279208e-15,0.0,0.0,0.0
687,-2.0944295860357117e-15,-1.5266906512754343e-15,-1.5266906512754524e-15,-2.5743382047646156e-15,1.5559907703103745e-16,-1.2690215831607431e-30,-2.3314683517128287e-15,0.0,0.0,-1.7741581957287562e-15,1.3924099527967768e-16,0.0,0.0,0.0
688,-3.064846870968587e-15,-6.30270717161136e-15,-6.3027071716113414e-15,-2.8266245295434646e-15,-2.2132052938950476e-15,2.8892994305214918e-30,1.9984014443252818e-15,0.0,0.0,8.496797394039123e-16,-1.1066026469475272e-15,1.9721522630525295e-31,0.0,0.0
689,-6.120713017258172e-16,-3.49804879548916e-17,-4.692880476699496e-16,-1.4764480936039973e-15,6.025451357717511e-16,-2.2600290509745784e-16,0.0,4.440892098500626e-16,0.0,-3.688695837563092e-16,3.2585411943799775e-16,-1.8194890011794854e-16,0.0,0.0
690,-3.0812805486705877e-15,-1.35753200116924e-15,-8.740016685544718e-15,-2.377813479528054e-15,2.2843154085707004e-15,1.444264113154077e-17,8.881784197001252e-16,-4.773959005888173e-15,4.440892098500626e-16,-2.126946719099994e-15,1.0567967776006574e-15,1.6642840375419737e-15,0.0,0.0
691,-7.457617684182405e-16,-1.0261698566303685e-15,-5.176521894140133e-16,1.0338549247531654e-15,1.2162588320999086e-17,-2.5663364330678407e-17,-4.440892098500626e-16,2.6645352591003757e-15,6.661338147750939e-16,1.8710634982825757e-16,1.8092461107183374e-16,6.025876935678663e-16,0.0,0.0
692,2.6101232853140575e-15,3.722706532337048e-16,3.7227065323370273e-16,-1.4683742805133819e-15,9.179195529220704e-16,-2.355217433249911e-30,-2.220446049250313e-16,0.0,0.0,-6.129581874623457e-16,4.188049459805239e-16,0.0,0.0,0.0
693,1.4588675479957776e-15,-2.84845167372868e-17,7.946912110767433e-16,-1.5879942620403327e-15,5.349478269487907e-16,-7.742466522694992e-16,-1.1102230246251565e-16,-7.771561172376096e-16,-2.220446049250313e-16,-5.851264156921399e-16,1.9315832857654132e-16,-3.0106587929031266e-16,0.23243714205906177,-0.0717212769653108
694,-2.0953742073468565e-15,-9.506560964626292e-16,-9.50656096462645e-16,-2.5780264155116178e-15,-2.6328209371807823e-16,1.286454337225262e-30,-2.3314683517128287e-15,0.0,0.0,-1.548092382169359e-15,-9.1404092505898e-17,0.0,0.23243714205906163,-0.0717212769653108
695,-1.591074017342266e-16,-4.1842355116515274e-17,-1.90265045483939e-15,5.173802498165789e-16,-9.12235790313688e-16,-1.4072285206375174e-15,-6.661338147750939e-16,3.552713678800501e-15,-8.881784197001252e-16,4.489680605697952e-16,-1.6055439156184657e-16,2.4267430674614927e-17,0.16889489123928056,-0.0887054866148848
696,-1.6966937644041247e-15,-1.7733047355755403e-15,-1.7733047355755383e-15,3.206917659718402e-16,6.768865873539684e-16,-5.1009637451601055e-31,-5.551115123125783e-16,0.0,0.0,-6.091868871515227e-16,4.905091509602082e-16,0.0,0.23243714205906174,-0.0717212769653108
697,-8.863893417710682e-15,-3.096231485271856e-15,-3.0962314852718852e-15,-4.594339117183908e-15,3.4496176489482035e-16,-2.670946726555505e-30,-9.992007221626409e-16,0.0,0.0,-1.5741967758333357e-15,1.724808824474117e-16,0.0,0.2324371420590617,-0.0717212769653108
698,2.0781359983547119e-16,-1.475641916455514e-16,8.818272339864816e-16,-1.6765203721552654e-15,7.862670347363119e-16,2.2093453008345882e-16,-1.1102230246251565e-16,-1.1102230246251565e-16,4.440892098500626e-16,-4.795614601120565e-16,3.3735771669531567e-16,1.3018887174229176e-16,0.23243714205906169,-0.0717212769653108
699,3.0222202239636127e-15,3.005160414575065e-16,3.0051604145750343e-16,-1.3691701145403328e-15,4.392524723740441e-16,-1.0947552587251833e-30,2.220446049250313e-16,0.0,0.0,-6.329796483611153e-16,1.9671752326258173e-16,0.0,0.0,0.0
700,3.5212210965159303e-16,-3.1106158052749214e-16,7.338259241268665e-17,-6.329076425933212e-16,4.4005941444700264e-16,1.1792600042716838e-16,0.0,-1.1102230246251565e-16,0.0,-3.9677158414360303e-16,2.9524257539272185e-16,1.2632502504201107e-16,0.0,0.0
701,-6.14631635455606e-16,-6.146316354556042e-16,-6.14631635455606e-16,-9.587327781831675e-16,1.615644245108401e-16,-3.0979421913368504e-31,0.0,0.0,0.0,-4.793663890915841e-16,8.07822122554201e-17,0.0,0.2146801404298248,-0.07737243814536668
702,-2.0270287860652513e-15,-1.8091820414636383e-15,-1.8091820414636375e-15,-8.783960270250571e-17,4.79551398974083e-16,-6.6053835443167994e-31,-3.3306690738754696e-16,0.0,0.0,-6.191976176009076e-16,3.7946543960123714e-16,0.0,0.03430862035297351,-0.13477562780142172
703,-2.946374323301777e-15,-2.724329718376744e-15,-2.724329718376747e-15,-1.2823158500018071e-15,7.985422290542233e-17,-2.0479667144240175e-31,-1.1102230246251565e-16,0.0,0.0,-6.411579250009054e-16,3.992711145271128e-17,0.0,0.1526995421333932,-0.09709774753728127
704,3.6606904999143043e-16,-6.971693210266392e-16,-4.2415800889007155e-18,-8.748754358389243e-16,1.2098516628030814e-16,5.302672717441178e-17,-2.220446049250313e-16,-1.1102230246251565e-16,0.0,-3.0584604764039067e-16,9.871247539716273e-17,-6.29334856543486e-17,-0.045863349799529995,-0.16029033658584016
705,-1.7744744999941145e-15,6.848941690077585e-16,-3.053035847365732e-16,5.433248038825043e-16,1.1763014600489927e-15,8.987484759784054e-16,-2.220446049250313e-16,6.661338147750939e-16,4.440892098500626e-16,3.4422507052811726e-16,5.824991952854361e-16,3.4592769744962063e-16,0.1847402350924916,-0.08690080528243467
706,-5.9626861249705966e-15,-4.0192741691895404e-15,-6.616053201683882e-17,1.307445295310405e-15,-2.7373603107611852e-15,-6.46667405343076e-16,-2.220446049250313e-16,5.329070518200751e-15,-2.7755575615628914e-15,7.178100681332376e-16,-2.662456735444329e-15,-3.2664536723217405e-15,-0.04586334979953,-0.16029033658584022
707,-7.912236287989335e-16,9.246800431412327e-16,-3.4940403177604695e-16,-7.063723243518132e-16,1.1914164313890283e-16,3.5500884904543505e-16,2.220446049250313e-16,6.661338147750939e-16,0.0,-3.7370966525026664e-16,-2.1942131763900223e-17,1.5394911202259548e-16,0.08929082201693903,-0.11727755632938817
708,-3.643887025899503e-15,-4.9741263380655964e-15,-3.622968059049342e-15,1.2773464790752217e-17,1.7641984252695656e-15,-2.1931652445907876e-15,6.661338147750939e-16,2.220446049250313e-16,6.661338147750939e-16,-1.0025091159590602e-15,1.0388126027731588e-15,-3.0263725104642007e-16,0.11689311948649683,-0.1014973261397495
709,-8.48135645079076e-16,-7.755240785589054e-16,5.67252090567658e-16,-7.336179622040255e-16,1.868508623089057e-17,1.5631569213188792e-16,-1.1102230246251565e-16,0.0,6.661338147750939e-16,-2.808629079103602e-16,6.739378263920694e-17,-8.887975416383443e-18,0.08901127177682103,-0.10688619630738604
710,-1.4582350257626318e-16,7.8822366418459e-16,5.059924689316591e-17,-4.801969513553806e-16,3.6669661906864906e-16,8.308422221976362e-17,-1.1102230246251565e-16,0.0,0.0,-1.440874680132157e-16,1.703726154488905e-16,6.428993659593691e-17,0.0,0.0
711,1.2146397807652966e-15,-2.7325862711090927e-15,-1.3866217101662812e-15,2.209869650765799e-16,5.849889155590735e-16,7.323596140562566e-16,1.3322676295501878e-15,-8.881784197001252e-16,4.440892098500626e-16,8.702571837361168e-16,4.538517876136709e-16,3.623251203873263e-16,0.0,0.0
712,-2.375985584714493e-15,-1.1167516384019808e-15,-2.03236770694762e-15,2.558548462988259e-17,-8.31698140614789e-16,1.0414461222473189e-15,-1.1102230246251565e-16,0.0,-2.220446049250313e-16,2.8086901847941094e-16,-1.816615251789878e-16,3.264455313679371e-16,0.0,0.0
713,-3.4628995683223916e-16,-1.3098851467815956e-15,-2.5064661683709117e-15,-4.0864284566443604e-16,-3.414097815213862e-16,8.665374865145448e-16,2.220446049250313e-16,2.220446049250313e-16,0.0,2.7492468238374674e-16,-3.989783780996424e-16,5.636171430164646e-16,0.12541822256478283,-0.09542711519284505
714,-6.3421813304695795e-15,-9.180701862285845e-17,2.8065974119750493e-15,2.5465669906270182e-15,-6.235223615391819e-16,2.9349967182613837e-15,8.881784197001252e-16,1.1102230246251565e-15,3.552713678800501e-15,2.0593648579226254e-15,1.413026548732245e-15,1.8685304833004788e-15,0.0,0.0
715,-2.4428333921364847e-15,5.014280980249616e-15,7.821021832239203e-16,7.597045771455474e-16,-8.283919762910493e-16,-2.0456113445225036e-15,-8.881784197001252e-16,4.884981308350689e-15,-1.3322676295501878e-15,4.846244638386148e-16,-2.092456192206256e-16,-2.637890237378241e-16,0.0,0.0
716,6.065012518163451e-16,-1.4882195110900668e-15,-1.7132525866513494e-16,-4.597195646510083e-16,-7.493124661903567e-16,1.6822060361027142e-15,1.1102230246251565e-15,-3.3306690738754696e-16,2.220446049250313e-16,-2.118596606203776e-17,-3.8753142923770098e-16,2.233452951233837e-16,0.03670546532643589,-0.05243528973099723
717,-4.631140460301712e-16,2.5656876599117704e-15,4.483589456682793e-16,7.328791183006581e-16,5.059382177688501e-17,-3.037064207841858e-16,-3.3306690738754696e-16,1.1102230246251565e-15,0.0,2.4973538334189487e-16,-1.7074107615085033e-16,1.0899844497514741e-16,0.029515134125426643,-0.039977070236396045
718,3.029592088141583e-15,6.701733446334667e-17,1.9955066280057338e-15,1.4352163374096233e-16,-4.65098367755599e-15,5.790192495801671e-16,8.881784197001252e-16,-1.2212453270876722e-15,1.3322676295501878e-15,3.693564685327468e-17,-1.6340416284960212e-15,-6.777631773624586e-17,0.020895188118846886,-0.06781885990922865
719,-4.401833084346034e-16,7.972619387936524e-16,-1.0741673538926053e-15,4.763166566813727e-16,6.835626444012263e-16,-2.48035712632959e-16,-1.1102230246251565e-16,4.440892098500626e-16,-1.1102230246251565e-16,2.7030424399017314e-16,3.0549709371012093e-16,-7.393244543013831e-17,0.0,0.0
720,-2.8191046792226836e-16,4.9612532988390295e-17,-3.2864606998804747e-16,1.2126222175898693e-16,1.4056633746068007e-16,3.3210448459650237e-16,0.0,2.220446049250313e-16,0.0,1.1893221046809935e-16,7.311761005508515e-17,2.2912466739789587e-16,0.01921224695544176,-0.09870171663132574
721,2.9268555499632415e-16,5.573718389777362e-16,-3.751413491831981e-17,5.524491501788422e-16,-2.0234774831026408e-17,-1.5379385798437625e-16,0.0,4.440892098500626e-16,0.0,3.2101157244274736e-16,8.843736405647857e-18,-7.981069763484446e-17,0.02969350207517842,-0.11526644050252227
722,-2.462450109420393e-16,8.92234856508384e-16,4.5616078971330383e-17,2.473132821423205e-16,4.0496719046358014e-16,-1.3935796094811327e-16,0.0,2.220446049250313e-16,-1.1102230246251565e-16,3.5373723266156084e-16,1.290444314324459e-16,-1.7292906034841696e-16,0.02702464281236722,-0.10163544808409924
723,1.4522067245666057e-15,8.488656483432358e-16,4.367781691452569e-15,-3.396046173686826e-16,8.951160096079485e-17,1.1445443927793949e-15,-5.551115123125783e-16,-4.440892098500626e-16,8.881784197001252e-16,1.0641662680040907e-16,2.375483875915959e-16,4.56665908279953e-16,0.0,0.0
724,1.6115335047154807e-15,1.2520720356384785e-15,9.759515009100618e-16,1.3055542969741803e-16,-1.1168149580132974e-16,-9.265861397497789e-17,-1.1102230246251565e-16,2.220446049250313e-16,-2.220446049250313e-16,2.226102012103432e-16,-4.9765109450672085e-17,-3.870269343015758e-17,0.0052277304501693106,-0.1119368941055155
725,1.7003311315577184e-16,1.241831519740144e-15,1.279079148708218e-15,2.9167612639541176e-16,-3.9368752865911883e-16,5.816288089292148e-16,-4.440892098500626e-16,2.220446049250313e-16,-2.220446049250313e-16,3.5498656929383174e-16,-2.3636602369943757e-16,1.4074764272329549e-16,-0.030202646328786553,-0.14546878807339764
726,6.750823363346938e-16,7.286274604947301e-16,5.65586936236788e-16,-2.3281938540376027e-17,-1.6973339211058838e-16,-2.6113568386964617e-16,-2.220446049250313e-16,-2.220446049250313e-16,-3.3306690738754696e-16,-2.329455310996042e-18,-9.479372295449319e-17,-1.4833997130676083e-16,-0.018625864085914875,-0.13451233008597366
727,1.3692044032803687e-15,6.14454549183894e-16,7.163971989899365e-17,-9.675489929178812e-16,6.217915101075002e-16,-3.806962352986614e-16,6.661338147750939e-16,6.661338147750939e-16,-3.3306690738754696e-16,-3.8531617215616523e-16,1.190947797860528e-16,-4.100237468505981e-16,0.017710795036533052,-0.08656894680119644
728,-1.4567657533688934e-15,-1.0642106887206345e-15,-4.1227072238275594e-15,-8.089862524435046e-16,-7.183424624993174e-17,-2.5151051586377335e-15,-1.1102230246251565e-15,1.9984014443252818e-15,-2.6645352591003757e-15,6.41357609870188e-17,2.8513174671804336e-15,-1.647838805198436e-15,-0.0027921577392395654,-0.11952704879337805
729,9.88501752778455e-16,9.82252156818451e-16,7.803979000868797e-17,7.293080722209177e-17,6.053809333900617e-17,-8.611745774746347e-18,0.0,0.0,-2.220446049250313e-16,-1.293184094570501e-17,1.0262833728165038e-16,-4.1864493839141747e-17,-0.0070463240306275965,-0.13808949471934512
730,8.501352190206407e-16,3.952459023812245e-16,-2.8893566377224796e-16,-6.06675700705005e-17,6.531673801376435e-17,2.412979726125147e-16,0.0,-1.1102230246251565e-16,-2.220446049250313e-16,-5.237191237464051e-17,3.559571890265737e-17,-2.266884789373775e-17,-0.016975188798728284,-0.13295010372155572
731,6.839125072806248e-16,9.294427845876433e-16,-4.2399974203829227e-17,-1.547609268501986e-16,-8.788645503132315e-19,-7.957520291374272e-17,0.0,-1.1102230246251565e-16,-1.1102230246251565e-16,-3.5294258403159504e-17,5.0985915105705925e-17,-1.0483374116829859e-16,-0.024755742348338577,-0.1403137481520017
732,4.29336693266134e-16,9.139901231866491e-17,-1.462870985959762e-16,-7.792913425084855e-17,5.400578198084081e-17,1.4235858530722057e-16,0.0,-1.1102230246251565e-16,-3.3306690738754696e-16,-1.1191192810585506e-17,1.915096981852625e-17,-1.0053085897748033e-16,-0.009130351097206956,-0.12552561970763185
733,-4.980649256367569e-16,1.1212918255865733e-15,7.742008726550414e-17,6.684757485100119e-16,-3.61174631318879e-17,-5.945110287992349e-17,0.0,0.0,-1.1102230246251565e-16,3.3741498492461264e-16,1.015730489736397e-18,-1.2363466580482466e-16,0.023045050953252145,-0.13000419422477058
734,-2.825684480073222e-16,-1.4697295173567009e-15,-9.122965582111185e-16,-1.7564238166253505e-16,-2.6003144298622417e-16,7.826250909109341e-16,8.881784197001252e-16,0.0,0.0,-2.631765527461952e-16,4.912575047081388e-17,3.6262453019528334e-17,-0.1972932368716507,0.2319495101700308
735,-9.301994523670212e-16,-1.0429809114032144e-15,-1.4908374011312633e-15,-1.263095164094387e-15,1.1975276931487947e-15,-4.470375754764391e-16,4.440892098500626e-16,-3.3306690738754696e-16,-5.551115123125783e-16,-3.5692213611675326e-16,3.786811695036738e-16,-2.4156087265351974e-16,0.0,0.0
736,-1.054775456796093e-16,-1.1489220949586207e-16,-2.6303723275050346e-16,1.3536060252013361e-16,-6.498868449694217e-16,-2.5069508516644103e-16,0.0,2.220446049250313e-16,0.0,1.6252193761083916e-17,-3.2069293848432767e-16,-1.4765002821923598e-16,-0.1972932368716507,0.23194951017003076
737,1.2427060565195569e-15,1.286626978352046e-15,1.0945210056673419e-16,4.664863193946676e-16,-9.877019105538966e-17,-3.2341253155222785e-16,4.440892098500626e-16,2.220446049250313e-16,-3.3306690738754696e-16,-1.544377675658081e-16,1.4631007933488252e-16,-1.5690220223656093e-16,0.0,0.0
738,1.4529732722096536e-16,6.363193417348154e-16,2.5689082236987505e-16,2.7882068776411545e-16,-2.04509901843923e-16,-2.722375114590879e-16,0.0,2.220446049250313e-16,0.0,9.59160881030904e-17,-7.972096514172248e-17,-1.4012605120531331e-16,-0.1972932368716507,0.23194951017003082
739,6.641470959063118e-16,2.0434720547584735e-16,-1.7677125087776248e-16,1.4817687051341885e-16,-4.567175959307636e-17,6.905379779005233e-16,-1.1102230246251565e-16,0.0,-2.220446049250313e-16,2.3662854592918357e-18,-5.477332635446479e-17,4.041247294596536e-16,0.0,0.0
740,-1.8537240835650026e-15,1.6716942328353455e-15,-7.758398462506949e-17,-2.209357663204373e-15,5.855007186586257e-16,1.3279099878263694e-15,-1.2212453270876722e-15,1.9984014443252818e-15,-2.220446049250313e-16,-3.0053287962722233e-15,3.838139189140845e-16,1.4334838588025199e-15,0.0,0.0
741,5.317987480187701e-16,-5.253189404915208e-16,-1.0090071675279812e-15,-6.414283707597273e-16,-1.370941263166449e-15,-7.366931346377089e-16,2.220446049250313e-16,-1.1102230246251565e-16,-5.551115123125783e-16,-3.051115975632409e-16,-7.460440676692273e-16,-4.0678240173237847e-16,0.0,0.0
742,2.8711302606436657e-15,-2.752733417689648e-15,3.336157247829704e-15,-8.271351512340118e-17,-2.361668964046551e-15,-3.713426095517391e-16,2.220446049250313e-16,-2.6645352591003757e-15,4.440892098500626e-16,6.9358882020794296e-18,-1.1585757617355403e-15,-2.644432368068538e-16,-0.1972932368716507,0.2319495101700308
743,1.0657617067596504e-15,2.357203157951466e-16,-5.765339691678837e-16,-3.5197001976232994e-16,-1.017512178682127e-15,-1.7827664943061348e-16,8.881784197001252e-16,0.0,-2.220446049250313e-16,-1.3755257808295124e-16,-5.274661469646746e-16,-6.039321798040497e-17,-0.19729323687165073,0.2319495101700308
744,-1.1830347794445158e-15,5.2825517844249345e-16,-7.2502995632938e-15,-1.2930760067209096e-14,-1.9704044073781914e-15,7.32931896533688e-15,4.6629367034256575e-15,3.552713678800501e-15,-8.881784197001252e-16,-1.1188314726554462e-15,-4.145246223612031e-15,-1.6630624049975717e-15,-0.19729323687165068,0.2319495101700308
745,1.776958653888233e-14,6.587781308758746e-15,-2.9540866402919424e-14,-3.675487843472768e-15,-3.1425534611603116e-14,8.666362947262838e-16,-2.4091839634365897e-14,5.551115123125783e-15,-5.88418203051333e-15,3.1110441445296135e-15,-3.998820991742297e-15,-2.9663474140140196e-15,-0.1972932368716507,0.23194951017003076
746,6.155177081303464e-14,-8.016492003503047e-14,-3.367766809649792e-14,7.273911361318562e-15,-1.5299551341515667e-14,5.035849535027592e-14,7.771561172376096e-15,-4.773959005888173e-15,-1.6209256159527285e-14,-3.2083731191252936e-15,-1.0007660349600467e-14,8.87905712852053e-15,-0.19521938332861838,0.22777555538847194
747,1.354799390249411e-14,6.8851130241019645e-15,-1.058128591378076e-14,-1.2409297176076802e-14,-7.952779322121529e-16,3.5379226078634677e-16,9.769962616701378e-15,2.4424906541753444e-15,-5.218048215738236e-15,-5.1051880842150826e-15,5.001581090586462e-16,-1.0000179310656044e-15,-0.1934939574466161,0.22430286579831
748,2.298941070266823e-15,-7.984980277436674e-15,1.1178226169279226e-15,-1.9581511484333487e-14,-1.6813562374954692e-15,-5.773815875927373e-16,4.440892098500626e-15,-5.995204332975845e-15,1.7763568394002505e-15,-9.615850072373921e-15,-1.2265645218581129e-15,7.616168888289278e-16,-0.19729323687165073,0.2319495101700308
749,-1.459585067929627e-14,1.8020073793604112e-15,7.324227245256332e-15,-5.868506146772783e-16,5.667892787104669e-16,-8.342380290982662e-15,-9.547918011776346e-15,0.0,4.440892098500626e-16,1.9631564874397453e-16,4.764918101831877e-15,-4.86403378196946e-15,-0.19729323687165068,0.23194951017003074
750,5.2652290119269394e-15,8.704873127904e-15,-1.111009314379213e-15,8.304976451449543e-15,2.6076608148633856e-15,6.396420497623856e-15,-4.884981308350689e-15,3.9968028886505635e-15,1.7763568394002505e-15,-8.006794964838649e-16,-2.5016348359985002e-15,1.4827683711384538e-15,-0.19729323687165068,0.23194951017003082
751,-2.2054434107348314e-15,-5.418730174081343e-15,-3.865402476866755e-15,1.8489569472221286e-15,2.0105344006662276e-17,-2.891374168952542e-15,-4.3298697960381105e-15,6.661338147750939e-16,4.440892098500626e-16,1.9496211562680222e-15,3.3639401683337555e-16,-1.282666523267567e-15,-0.19729323687165068,0.23194951017003076
752,-6.630923945610014e-15,3.251128267768875e-14,-7.382037589305828e-15,3.057245341047626e-15,-6.681460299559081e-16,-1.9288205761121806e-16,-2.4424906541753444e-15,-8.659739592076221e-15,-5.551115123125783e-16,1.5703700751441512e-15,-3.5469453073182636e-15,-2.090648720916962e-15,-0.19729323687165073,0.23194951017003082
753,7.147026121130839e-15,-9.1210252247371e-16,-3.7797891198331946e-15,-6.229542142998909e-16,-4.5285039365170854e-15,1.673429407224881e-15,-2.220446049250313e-16,-1.5543122344752192e-15,5.995204332975845e-15,2.0270040185177604e-15,-5.622577279288966e-15,1.148406443508605e-15,-0.19729323687165068,0.2319495101700308
754,-4.4381755553422606e-15,1.1624864433943789e-15,3.2016635313105786e-15,2.6613633755219436e-15,-4.891101815699437e-15,1.8980430429795105e-15,-2.7755575615628914e-15,-2.220446049250313e-16,8.881784197001252e-16,8.675087295836027e-16,-1.8484500519454425e-15,1.1691461635320284e-15,-0.1972932368716507,0.23194951017003082
755,3.2918838960528755e-15,8.2621637783432e-15,3.3250089521254884e-15,-3.667729949380887e-15,2.214879166075019e-15,-1.0422056642365667e-15,-2.1094237467877974e-15,2.4424906541753444e-15,-1.5543122344752192e-15,1.1659302550498319e-15,5.883821724104941e-16,5.586038110163063e-16,-0.17939573860345667,0.19592799422187898
756,-2.50937157078548e-15,-1.261835621319325e-15,4.672615728452095e-15,3.681683223676406e-17,1.9773790963366727e-15,1.0697740293936053e-15,0.0,0.0,2.886579864025407e-15,3.3968687199577364e-16,9.281153249468312e-16,7.84509154295161e-16,-0.1907536128024915,0.21878749338018885
757,-3.2021058759499635e-15,-2.9679442615226257e-15,-4.816559310607239e-15,2.1613866238054449e-16,-1.3040406818634379e-16,2.928312408106812e-16,-3.9968028886505635e-15,-8.881784197001252e-16,4.440892098500626e-16,3.009238576303957e-15,-3.0582383101564334e-16,1.4012042258330225e-17,-0.16637914295302123,0.1768308850792206
758,-1.828615246252743e-15,-1.5838269126275792e-15,-1.783686949860491e-15,-1.8620616703276457e-15,-2.1692272057884823e-15,-1.082884910386971e-15,2.6645352591003757e-15,-1.4432899320127035e-15,1.9984014443252818e-15,-1.0547965699855261e-15,-3.957804631203417e-16,-2.1636661474156473e-15,-0.19161287315922088,0.22051688930914656
759,-2.1858397537203135e-15,5.283505880704818e-15,6.862290313029683e-15,1.6996378840155483e-14,1.4302399229996707e-14,3.436948848199161e-15,-9.43689570931383e-15,-1.1102230246251565e-16,-5.551115123125783e-16,-5.46305021276558e-16,-5.489814917162746e-15,-1.4215798778063622e-15,-0.18806284676683607,0.21337190566990225
760,4.382580290892608e-15,-3.473723817602796e-15,-3.6203132674114314e-17,-2.2200798174340414e-15,-1.3149127936624262e-15,7.93533566970777e-16,3.774758283725532e-15,-1.9984014443252818e-15,8.881784197001252e-16,-6.398076941487494e-16,-2.219372443192256e-15,4.957949158364438e-16,-0.19176520268613612,0.2208234763192933
761,-1.7207408575417994e-15,-1.1268658869318101e-14,-3.186926117217518e-15,-2.492793652409387e-15,-1.3814443985768476e-15,-9.642353916623797e-16,3.1086244689504383e-15,-1.6653345369377348e-15,1.9984014443252818e-15,-1.2463968262047005e-15,-1.1911099683808087e-15,7.157130790697864e-16,-0.1972932368716507,0.23194951017003082
762,-9.664658600562226e-15,3.2734862106412695e-16,1.2882418419473182e-15,3.9156010518263485e-15,-1.6433806672361102e-15,1.757201713990022e-15,-1.2212453270876722e-15,3.774758283725532e-15,3.552713678800501e-15,1.9578005259131928e-15,8.663882623884918e-17,7.43959048452576e-16,-0.1900423966450379,0.21735605956891557
763,-2.513074318117725e-15,-6.0575023925313015e-15,4.512735752531458e-14,-6.873974900165488e-15,7.344088975840268e-15,-3.3223928234311936e-14,-1.7763568394002505e-15,-6.439293542825908e-15,7.771561172376096e-15,-2.067388366708241e-15,5.361318483823301e-15,1.963109558693204e-15,-0.19729323687165068,0.23194951017003076
764,1.0686127509377734e-14,-1.2689810954007956e-14,4.26579322417024e-15,-7.101122739932476e-15,5.193589752357445e-15,-1.8323809945963937e-15,2.220446049250313e-16,-2.4424906541753444e-15,1.1102230246251565e-15,-2.7178172865559723e-15,-6.059117215411677e-16,-3.401462656574916e-17,-0.1972932368716507,0.2319495101700308
765,3.2841539452774515e-15,-6.9589407891700435e-15,-2.0216735611159523e-15,-3.4769567508653376e-15,1.1966454815759588e-15,-1.1969104382488202e-17,6.661338147750939e-16,-1.7763568394002505e-15,-1.2212453270876722e-15,-1.1676181181292581e-15,-3.7333607134440504e-16,-4.1389584460775744e-16,-0.1972932368716507,0.2319495101700308
766,3.749675610923244e-15,1.3498241890659755e-14,3.5650774135100253e-14,-9.223699080331019e-15,4.257323105203406e-15,-2.1902672600907075e-14,-3.3306690738754696e-16,1.5543122344752192e-15,-3.885780586188048e-15,-1.1760218210215664e-15,-6.8830348061911e-16,-3.957291454990051e-16,-0.19061228659894536,0.21850305228017342
767,-7.461447642072759e-16,2.2428322345544078e-15,8.830186068713986e-16,-2.1602588643909926e-15,-1.1312106934313187e-15,-1.687878264220442e-16,2.6645352591003757e-15,-7.771561172376096e-16,-4.440892098500626e-16,-6.430944152081499e-16,4.597164733749481e-16,3.423939998453435e-16,-0.1761966342785248,0.18948929615729385
768,7.370855184598034e-16,5.193055241374866e-16,-2.03895696908911e-15,-2.342392712173603e-16,2.499360955952551e-15,5.972082310844666e-16,6.661338147750939e-16,-1.1102230246251565e-16,-1.1102230246251565e-15,-1.2477593527339278e-16,1.0716874783968796e-15,3.233280896390514e-16,-0.17822068769988075,0.19356302040102538
769,1.980091591471952e-15,-6.89442787201947e-16,-2.3889477678229953e-16,1.789261529284776e-15,1.2619437081332254e-15,-3.7793524779839344e-16,0.0,-1.3322676295501878e-15,-1.3322676295501878e-15,9.539332212076128e-16,6.245080484192143e-16,-1.3385649024168587e-16,0.0,0.0
770,1.4437243411321897e-15,1.8294496508130023e-15,8.674186617426286e-16,6.943741570338009e-16,-6.622835385513856e-16,-1.5753509823278726e-15,1.1102230246251565e-15,-6.661338147750939e-16,-1.3322676295501878e-15,-6.054420239538615e-17,9.522542644978968e-16,-1.3400989868807235e-16,-0.18242540483938413,0.20202567161788573
771,8.167004081794444e-16,5.507912032448321e-16,-2.5411865256955028e-15,1.0394564399569704e-15,1.6493109696619557e-16,3.273725911225637e-15,-3.3306690738754696e-16,-1.1102230246251565e-16,-1.3322676295501878e-15,8.672547411554768e-16,2.0383708328174105e-16,6.990919385813551e-16,-0.16453891830570289,0.1734171016170666
772,1.782076213299241e-15,2.0001609790903183e-15,-1.7628180751056347e-15,2.4875642383431895e-15,-3.177702867048203e-15,1.1275379636525533e-15,-4.6629367034256575e-15,1.3322676295501878e-15,6.661338147750939e-16,6.553908295832138e-17,-2.290236065717817e-15,-3.517390581717932e-16,-0.15514369128232403,0.16425428735311703
773,-2.483106708588189e-15,1.849548896717238e-15,-1.6361062211822996e-14,4.624577983543181e-16,-2.0550612538677113e-15,-1.874833588523158e-15,-1.1102230246251565e-16,2.4424906541753444e-15,-8.881784197001252e-16,4.655117723085871e-16,4.637504608092265e-16,3.680024726656821e-16,-0.18982652406065179,0.21692158221209684
774,9.425745154930114e-15,-1.1954976935819332e-15,9.51444661938388e-15,-4.1143888411935036e-15,7.29693579185794e-15,5.285994495072577e-16,-2.220446049250313e-15,-1.2212453270876722e-15,1.1102230246251565e-15,-5.782649089788397e-16,-2.303344163007897e-15,1.7451575096625381e-15,-0.0598774154231674,0.040012264229926896
775,6.017573727683459e-16,4.364598876272363e-15,1.353010420237524e-15,2.254062087919638e-15,-2.1975334686413376e-15,7.318961068021496e-15,6.661338147750939e-16,3.9968028886505635e-15,1.3322676295501878e-15,1.3967252073013885e-15,-1.0567510557863861e-15,3.1062606187804573e-15,-0.1241946928104842,0.10591935432684539
776,3.3073539181884244e-15,3.2221941340027647e-15,-4.40925375148103e-15,6.53091182453452e-17,-3.175023851146646e-15,2.3312760500956074e-16,1.1102230246251565e-15,4.440892098500626e-16,-1.1102230246251565e-15,-1.0041346940079626e-15,-1.2894402107025815e-15,-1.7614378233362711e-16,-0.09282163114034946,0.058380873027795474
777,2.894277489500775e-16,-2.835974516814817e-15,-6.949485529601241e-15,1.1286487227804167e-15,2.7882336155180605e-16,3.935317312872548e-15,-1.5543122344752192e-15,-1.3322676295501878e-15,-1.1102230246251565e-16,2.5027699806830816e-15,-6.458049062612976e-17,1.2611528682012156e-15,-0.05987741542316741,0.0400122642299269
778,1.0808341563246349e-16,-6.496837168728853e-16,5.266665696872476e-16,-6.803211800433123e-16,1.3337646567292962e-16,3.219955851195754e-16,-1.1102230246251565e-16,-2.220446049250313e-16,2.220446049250313e-16,-3.5042454046892506e-16,5.953474339217381e-17,1.117440255445761e-16,-0.10424512059051025,0.08225108858771248
779,4.319642190341452e-16,4.4411155214443596e-17,5.181184349659147e-16,-6.749388637022594e-16,8.062761059618004e-16,3.11157645116476e-16,0.0,-1.1102230246251565e-16,2.220446049250313e-16,-3.6940467473762323e-16,3.517467471725616e-16,1.44975371444422e-16,-0.14102744418478652,0.13785564532904607
780,7.575119931136564e-16,9.624196462252308e-17,3.792298331620444e-16,1.567244404480598e-16,-2.0293539578168103e-17,-7.604835156016143e-16,-5.551115123125783e-16,0.0,-1.1102230246251565e-16,1.9147776291871895e-16,5.24601199128357e-16,-4.931232614379397e-16,-0.0598774154231674,0.0400122642299269
781,-5.683850708290176e-18,-1.2604048624698328e-16,5.761048850598322e-16,-3.1668070938345646e-16,2.650014990950153e-16,1.8821678796412803e-16,2.220446049250313e-16,-1.1102230246251565e-16,2.220446049250313e-16,-1.0156901178176837e-16,-3.579070820154604e-17,7.083486413374753e-17,-0.19729323687165068,0.23194951017003076
782,7.33990599674131e-16,2.608991647667438e-16,2.6543716277883896e-16,-1.0142762798983893e-16,2.641472509042299e-16,1.169505297468166e-16,2.220446049250313e-16,-1.1102230246251565e-16,0.0,6.427118852204855e-17,3.883221971009495e-17,2.367674250300326e-17,-0.0006048865944039064,-0.1025354605087978
783,8.69135023326225e-16,2.3209580635343034e-16,8.478155074666965e-16,8.276808630055231e-17,1.8014482340723247e-16,2.776620080723025e-16,2.220446049250313e-16,-1.1102230246251565e-16,2.220446049250313e-16,1.3153025516498453e-16,-1.4686637972576475e-16,5.621651640184238e-17,-0.0030475064676390687,-0.07254822241514826
784,4.919069567401868e-16,1.7416805640241558e-16,-2.1065625080347363e-16,4.601796005265957e-16,5.685533983959094e-16,-1.8540382027243096e-16,-2.220446049250313e-16,0.0,0.0,2.414806620796197e-16,4.198377235129951e-16,-1.463591867160799e-16,-0.009883943503480676,-0.04139734734627124
785,4.5932154467631145e-15,-1.3228526725096457e-15,6.863428338900812e-15,1.4241063622100164e-15,-3.0322159940416414e-15,4.364965236473018e-15,-1.1102230246251565e-16,-2.4424906541753444e-15,6.661338147750939e-16,1.6401603127502312e-15,-7.600147812362017e-16,3.225692810752312e-15,0.0,0.0
786,-2.6554380097120216e-15,-7.007067952410614e-16,2.762518801041993e-15,4.486042744246169e-16,-2.2057399417517682e-16,1.6941133265061787e-15,-1.7763568394002505e-15,-7.771561172376096e-16,1.3322676295501878e-15,6.62435157996884e-16,-3.778681329976693e-17,1.0159424021146778e-15,0.09061340518633174,-0.11685664457748739
787,-1.5047263544397612e-14,2.2804739446323528e-15,-5.343034301102568e-16,1.0711547096997734e-14,-6.297442007348938e-15,2.3630656827801343e-15,-3.885780586188048e-15,2.6645352591003757e-15,2.4424906541753444e-15,1.2302251148004817e-14,2.599033651683869e-15,4.552588547571982e-15,-0.1972932368716507,0.2319495101700308
788,-2.8413139458683453e-14,3.714466670194609e-15,7.238072892045654e-17,3.8076583092357787e-16,1.5770493774322273e-14,8.969731646834911e-16,-4.3298697960381105e-15,1.021405182655144e-14,4.440892098500626e-16,1.1385386223443768e-14,3.991303261873322e-15,-1.7627634170300953e-15,-0.09238646491630134,0.07773318656388875
789,1.3331265300580693e-15,8.434101573677036e-16,1.1970190840061146e-15,2.5000229382796086e-16,-2.1277506352254998e-16,-1.5937908535241392e-17,-1.1102230246251565e-16,2.220446049250313e-16,-2.220446049250313e-16,2.9360566988971236e-16,-8.63442076343139e-17,9.466368718103738e-20,-0.043709055083523476,-0.06540855059408039
790,4.363652219847644e-16,2.5460433527784267e-16,9.922654022535369e-18,1.1722882529927768e-17,1.6991834266521206e-16,-1.6069364430916188e-16,-5.551115123125783e-16,0.0,-3.3306690738754696e-16,1.1697984018685305e-16,4.523393672107772e-16,-2.1538821937545962e-16,-0.011335576773925191,-0.03527141172360741
791,1.1750314559204871e-15,2.070252712487287e-16,3.508359362934046e-16,-3.2302183113367475e-16,1.2328008334635949e-16,2.519530175499609e-16,-1.1102230246251565e-16,-2.220446049250313e-16,0.0,-3.530083974067278e-17,9.466920134465849e-17,9.282320110620545e-17,0.010568975570977987,-0.029575045127351835
792,1.8557481752308295e-15,4.637822151904606e-16,1.1449743192481479e-15,-2.9280928177124847e-16,-1.5941801330954526e-16,-2.9810312904186644e-16,0.0,0.0,0.0,-1.7155645172867174e-16,1.9186330370604748e-16,-2.095511516015836e-16,0.019578589351085886,-0.033965453412186423
793,2.763567414105864e-16,1.2950564725689479e-15,-1.773565149235334e-15,-7.186325023034922e-16,-6.171441558201062e-16,2.2062432573204418e-15,0.0,1.5543122344752192e-15,-7.771561172376096e-16,-2.5342944585104275e-15,4.559425359373003e-16,1.234682200383931e-15,-0.003958099628180696,-0.0510420995825552
794,6.885776861126181e-16,-4.733359930816689e-15,-6.707795231407985e-17,4.952374237698274e-16,1.859800344336007e-16,-1.0496593815166266e-15,-1.1102230246251565e-15,-1.6653345369377348e-15,-1.1102230246251565e-16,1.0712067374960797e-15,1.0406577209122193e-15,-4.210244630412153e-16,-0.08799213496797824,-0.12483957185166836
795,2.4340636857019504e-16,-1.0762017964958876e-15,6.041234606025505e-16,-7.106111222453648e-16,-8.251257815606728e-17,5.967390997539048e-16,-3.3306690738754696e-16,-5.551115123125783e-16,4.440892098500626e-16,-3.27909632948075e-17,6.619107072986422e-17,7.6409393214093e-17,-0.0238633062108048,-0.040021122335754444
796,1.1898638888458869e-15,-2.9056625811481716e-15,7.606863580581192e-16,1.6454745418969082e-15,-8.628303798425258e-16,-7.704063124613004e-16,-1.1102230246251565e-15,-1.1102230246251565e-15,0.0,9.656490660666356e-16,5.150989313509832e-16,-4.462493717940494e-16,-0.0074061169037359376,-0.04083932050799598
797,-5.3813485124520606e-15,8.366563692170861e-17,1.4801757433910552e-15,2.29312917849782e-15,-3.8230161458421945e-15,3.22229032104266e-15,-1.6653345369377348e-15,1.3322676295501878e-15,1.1102230246251565e-15,4.371435936210889e-16,-1.457193410063417e-15,1.2233037943158277e-15,-0.04694267389363916,-0.038539764640755245
798,-2.090411774287955e-16,2.0645593444465453e-15,1.854855590357689e-15,-1.5107891988898114e-15,-1.369514011414275e-15,1.5596134124926818e-15,-4.440892098500626e-16,0.0,0.0,2.434106155764915e-16,-1.0432076627926188e-16,0.0,-0.038472905268820676,-0.03904169542367792
799,2.2495910969381237e-15,4.0479478931434896e-16,3.65188751158794e-15,-1.566608119998098e-16,5.3765067448355e-18,-2.2587445685039056e-15,6.661338147750939e-16,-1.9984014443252818e-15,2.220446049250313e-16,-1.0376180280380223e-15,3.738170420872849e-16,9.109817072096644e-16,-0.04785400126547755,-0.038470220468134565
800,-1.0404389041693237e-15,-3.0958823753054928e-15,-2.0403293023082048e-16,-2.1269078051302284e-15,8.490831651505e-16,-1.5960907254257947e-17,0.0,-6.661338147750939e-16,2.220446049250313e-16,-1.1884719220679567e-15,1.110572278935195e-15,-5.132140357570994e-16,-0.0412609362187477,-0.0389733429111532
801,3.589999167677358e-15,1.160211221690453e-14,-3.0836294024760747e-16,-8.447722425606084e-16,2.0149066386443256e-16,-6.348326912040811e-15,6.661338147750939e-16,0.0,-1.3322676295501878e-15,-3.93200136475617e-17,-5.163508390922218e-16,9.770415862430892e-17,-0.02306799549522937,-0.03999307226569561
802,3.037584544597494e-16,-9.216548462795434e-16,3.1207403410648543e-16,-4.826493543860286e-16,2.0511609683597577e-16,4.193163512415573e-16,2.220446049250313e-16,-2.220446049250313e-16,2.220446049250313e-16,-2.007950607186924e-16,6.094382513427177e-17,1.3107813694959956e-16,-0.0412609362187477,-0.03897334291115321
803,-6.314366139483279e-16,-8.626257746630569e-16,6.385397388713673e-17,-1.0702433050156624e-15,3.134930167635537e-16,3.372631596810147e-16,4.440892098500626e-16,0.0,2.220446049250313e-16,-2.5709790141855173e-16,2.245688729013506e-16,1.5042605613985456e-16,-0.04126093621874769,-0.0389733429111532
804,-8.946639555155303e-17,-1.1895329873356007e-15,1.2007206503549085e-16,-3.7883403931658026e-16,2.3370601521198767e-16,2.7923327772826213e-16,2.220446049250313e-16,-1.1102230246251565e-16,2.220446049250313e-16,-3.965264351283455e-16,1.8847128599882336e-16,4.867612321937275e-17,-0.0275017048910447,-0.03974455919190877
805,2.498756799628104e-15,-1.7083456141297336e-15,-3.015733517123029e-16,-6.369246614853424e-16,3.608600225669095e-16,2.959763500958522e-16,8.881784197001252e-16,2.220446049250313e-16,-1.1102230246251565e-16,-6.142138236342086e-16,2.4951541333573305e-16,1.3154931098742108e-16,-0.0412609362187477,-0.03897334291115321
806,1.1169749647333918e-15,-3.2269057981613926e-15,4.627460870164097e-16,1.1597882086310824e-15,3.2935102202123857e-16,-5.900712510758277e-16,-8.881784197001252e-16,-1.5543122344752192e-15,0.0,1.0730629287659624e-15,1.0229836230666767e-15,-5.330813332300111e-16,-0.03902998254646508,-0.08342481990412937
807,6.473040059728184e-17,2.7038867181867344e-16,8.915688282587229e-18,-7.814848077939787e-16,8.3178692571241e-17,1.4613439012400203e-16,0.0,-1.1102230246251565e-16,0.0,-3.0153893087437373e-16,9.387341976524912e-17,1.8407197371483933e-18,-0.07308183737400732,-0.11053015207532264
808,9.619849690032772e-16,3.6427469755966263e-16,-1.2843092326528141e-16,-1.0123353909610573e-16,3.102586255569842e-16,-8.333503182114497e-17,2.220446049250313e-16,-2.220446049250313e-16,0.0,7.91560018826456e-17,1.1818740834523071e-16,1.7260196698610203e-17,-0.08173275828262412,-0.13945160748651203
809,8.97050620171945e-16,-2.9580718856122054e-16,-2.1509186799133471e-16,-3.0648796927694666e-16,7.577375724735974e-17,1.315739587480363e-16,0.0,-2.220446049250313e-16,-1.1102230246251565e-16,-6.672226478856331e-17,5.230136204097326e-17,-4.8035189284646624e-18,-0.06401730392440648,-0.15926995714147002
810,5.527540882006019e-16,1.6861422311558757e-17,-2.2040036315536896e-17,-2.7317470429543367e-16,6.292802943735868e-17,9.541535195293717e-17,0.0,-1.1102230246251565e-16,0.0,-5.088763070983884e-17,1.1126779812909982e-16,-4.9202334512790854e-17,-0.1089740963508698,-0.16050082245376152
811,6.533991489157235e-16,-3.1483216380995465e-16,-3.604914129191363e-16,-6.850733122471939e-16,7.29794848490622e-17,1.3697666318800686e-16,2.220446049250313e-16,-1.1102230246251565e-16,0.0,-4.115279205329815e-16,1.9555546357811425e-16,2.0137584589672604e-17,0.018499052582101765,-0.042322939643943895
812,7.174018339542225e-16,-6.488639897821041e-17,-6.488639897821278e-17,-1.1518593638379502e-15,3.7858123794434124e-16,-8.96903448726116e-31,2.220446049250313e-16,0.0,0.0,-5.771319369795288e-16,1.9964277621350724e-16,0.0,0.005616730122683664,-0.04160087482956412
813,1.3712066958904507e-15,-2.037639015791033e-16,-2.0376390157910409e-16,-9.49237793871602e-16,8.146933003072673e-16,-1.7514689590198323e-30,-3.3306690738754696e-16,0.0,0.0,-5.765146316851834e-16,4.277662290401915e-16,0.0,0.0293961760301685,-0.0429337324140045
814,2.517622230560522e-16,-6.871200299814505e-16,5.930638790561299e-17,-1.036858733839466e-15,6.297225651041402e-16,5.349780547319477e-17,-2.220446049250313e-16,0.0,2.220446049250313e-16,-3.8055721279903185e-16,3.9692044446769403e-16,-5.032337248715729e-17,0.029396176030168496,-0.042933732414004486
815,1.3938817896783186e-15,9.055950017569051e-16,-1.713298604458041e-16,4.680652713391281e-16,-1.5550136644597116e-17,6.507281061342137e-17,2.220446049250313e-16,4.440892098500626e-16,-3.3306690738754696e-16,1.6101822737894897e-16,-8.179882499250361e-18,2.1900160757590716e-17,-0.2627271031668215,-0.215780929945122
816,3.256926944253971e-16,5.339778059786464e-16,5.006595015144996e-16,3.6306425321497536e-16,-8.807856420616163e-17,-1.323125525379504e-16,-1.1102230246251565e-16,2.220446049250313e-16,-1.1102230246251565e-16,2.1627621350288641e-16,-5.496514179102344e-17,-1.3639922495933853e-16,-0.12269811969240264,-0.04520222713844598
817,8.36551010270677e-14,-7.11029292119697e-14,8.753634330114421e-14,-5.264601727495713e-14,8.957083903529324e-14,8.684453356326174e-15,4.5075054799781356e-14,4.884981308350689e-15,-4.007905118896815e-14,1.4795355653064648e-14,-1.6137218312423212e-14,-1.2562196563193282e-14,-0.23057904039344967,-0.16731104260926893
818,4.767823454866687e-15,2.1798081112555445e-15,-9.973126327003912e-15,6.226537345068963e-15,-2.957413807288081e-15,2.9672261764509154e-15,1.3322676295501878e-15,1.9984014443252818e-15,-5.10702591327572e-15,1.6944525153966794e-15,-1.1978336793520578e-15,1.5390144983003139e-15,0.0023954858401190387,-0.04566053503441112
819,-2.3419179121902296e-14,-4.256639502740038e-15,4.82494306157368e-15,1.2311908276644262e-14,-1.5689738146992274e-14,-5.725135868521859e-15,-9.2148511043888e-15,-1.1102230246251565e-16,5.329070518200751e-15,4.595449875966044e-15,-8.679218091743952e-15,-3.609204529268408e-15,-0.033993931976358825,-0.04570710642898038
820,6.066750196777067e-14,-8.732803854074463e-14,4.317382957459974e-14,-6.147233269136595e-15,6.22897258156492e-14,1.224786982938243e-14,1.354472090042691e-14,9.769962616701378e-15,-1.9872992140790302e-14,1.619977047855968e-14,-3.035729188946626e-15,1.5005632008673412e-15,-0.050148298812724215,-0.05807695529454312
821,1.5340948322029137e-16,-1.6843908865146674e-15,4.84712749340413e-16,-6.789845478916785e-17,-6.642248446735719e-16,6.857265264479406e-16,0.0,-4.440892098500626e-16,4.440892098500626e-16,-8.878534514518785e-17,-1.6728144508762668e-16,1.0190912729114538e-16,-0.1384212575116966,-0.11571447854595336
822,2.5451058652198646e-15,2.920855564432361e-16,-1.4349249825559556e-15,-9.915939977811448e-16,-1.1689334266278425e-15,-1.918455230701484e-15,1.5543122344752192e-15,-2.220446049250313e-16,-6.661338147750939e-16,-5.908680823827607e-16,-9.603338849819284e-16,-2.642592461659286e-16,-0.19099742049765556,-0.14734620040733018
823,8.929294528001736e-16,1.8153642089979439e-16,1.8153642089979587e-16,1.0941429421569507e-17,8.365011342002597e-16,1.871088046479093e-32,4.440892098500626e-16,0.0,0.0,5.470714710784749e-18,4.3679678292458703e-16,0.0,-0.07558140660457349,-0.09976533674024728
824,3.1971300059299525e-16,-1.2437620925706668e-16,-1.2437620925706732e-16,-5.769525188975819e-16,1.4467750164925917e-16,-2.4089980787316796e-31,2.220446049250313e-16,0.0,0.0,-2.8847625944879083e-16,7.233875082462956e-17,-3.697785493223493e-32,-0.22728671689337163,-0.052054381018925566
825,5.997191476547864e-16,1.556299378047242e-16,1.5562993780472372e-16,-4.920406033896042e-16,4.753644099709192e-17,-4.6779718222406796e-32,2.220446049250313e-16,0.0,0.0,-2.4602030169480193e-16,2.3768220498545944e-17,0.0,-0.012010163262970412,-0.05664969884910432
826,7.148051015582108e-16,4.743723351464536e-16,-4.072354799860933e-16,-5.37043685806835e-16,3.779918024590948e-16,3.496725648625306e-16,2.220446049250313e-16,4.440892098500626e-16,-1.1102230246251565e-16,-2.485133826342074e-16,2.1292677134527254e-16,5.858349147175e-17,-0.10736197410290996,-0.12216886850699252
827,7.256704910916838e-18,-6.798230016285836e-16,-6.06796182414286e-16,-1.3414929006024064e-15,1.3474307546997268e-15,-8.552241890104186e-18,-5.551115123125783e-16,0.0,0.0,-7.901570921781951e-16,7.672089745950626e-16,0.0,-0.04126093621874769,-0.038973342911153196
828,8.05497586489681e-16,-6.980988474382012e-16,-6.98098847438199e-16,-8.078663628656816e-16,1.407526944887341e-15,-3.1039467019454803e-30,-2.220446049250313e-16,0.0,0.0,-6.541329587663852e-16,7.813960513604516e-16,0.0,0.0,0.0
829,5.139900051885338e-16,-1.1126433593652414e-15,1.490828811234727e-16,-1.5010900252050645e-15,4.0421863129342515e-16,5.239138958731644e-17,-2.220446049250313e-16,-2.220446049250313e-16,0.0,-6.629144275719677e-16,3.2267230091191744e-16,-4.2248294432578324e-17,0.0,0.0
830,-4.688518215906185e-15,-5.474115367774117e-15,-5.474115367774103e-15,1.2291663208805742e-15,2.180343515792393e-15,-8.535027254151351e-33,8.881784197001252e-16,0.0,0.0,-7.358999469012331e-16,1.3018963639717908e-15,0.0,-0.07718551286360167,-0.036231907685220825
831,1.5871844478261562e-15,-2.7243987294697085e-15,-1.8779504723365638e-15,1.74594043626783e-15,-6.81927769237436e-17,7.431547838234908e-16,8.881784197001252e-16,-4.440892098500626e-16,-7.771561172376096e-16,5.562228438149019e-16,1.2364508397360114e-16,3.4483889782831523e-16,-0.041260936218747706,-0.03897334291115321
832,2.916218695516703e-16,2.6700196784421506e-16,4.19950843928411e-16,-5.6014188823494e-17,3.0602527956613407e-16,7.163715642451634e-17,-5.551115123125783e-16,-1.1102230246251565e-16,0.0,-1.1643548484319723e-16,4.0975298078800534e-16,1.6013315558634545e-17,-0.03979849298560722,-0.038758872605862166
833,3.3692721619245377e-16,1.7113344823687e-16,1.3408463427516697e-16,-2.9899106513090886e-16,2.107632745674761e-16,5.141988418179869e-16,-2.220446049250313e-16,-2.220446049250313e-16,0.0,-1.754174080087866e-16,4.721110590086168e-17,1.9803806787956216e-16,0.0,0.0
834,3.492353088410865e-16,1.6867826330174964e-16,-6.8620789583208015e-18,-3.244018046393946e-16,4.2915271970333474e-16,4.96175594649e-16,0.0,-1.1102230246251565e-16,0.0,-1.0086353966925958e-16,2.121373656475493e-16,2.2076363064598173e-16,0.0,0.0
835,-2.3231559599605236e-16,-2.7605879701730495e-16,-1.393350619473398e-15,-4.714892869701624e-17,-4.2770715430840714e-16,4.456967303494486e-16,2.220446049250313e-16,4.440892098500626e-16,-2.220446049250313e-16,1.8021732537552677e-16,-3.3530379919174678e-16,2.324281696217641e-16,-0.024925633563841202,-0.044075556028768975
836,-2.1821837087933568e-15,-1.5262966671596868e-15,1.9351505125771496e-15,-1.5076807403383112e-15,1.1168791798158632e-15,-1.0211166818139854e-15,-2.7755575615628914e-15,-1.4432899320127035e-15,8.881784197001252e-16,5.49608595827152e-16,9.651399679059454e-16,-1.4971117517637083e-15,-0.03756881317817292,-0.04137476622931165
837,1.2503426131048335e-15,2.1309073684095935e-15,-2.946250846714201e-16,-7.190584295777757e-16,-6.441920512928833e-16,1.0188831207935252e-15,6.661338147750939e-16,1.7763568394002505e-15,-1.1102230246251565e-16,-1.3609299538108908e-15,-5.635232671452421e-16,7.011016897678251e-16,-0.029171499889643255,-0.04674660716042666
838,1.703401673659386e-15,-9.966143259561533e-17,-8.126354349598379e-15,-5.388491468907999e-15,-1.115718558335325e-15,2.5929716011950987e-15,3.774758283725532e-15,1.0880185641326534e-14,-4.551914400963142e-15,-4.338787883126409e-15,-4.721732030562901e-16,3.1217192550321026e-15,0.0007637901642300972,-0.05076044103214192
839,1.8444029554601224e-14,-6.738437042798148e-15,-9.356084276473712e-15,2.7252535749612764e-15,2.0574619179988292e-15,-8.543857620311976e-15,4.440892098500626e-15,-1.176836406102666e-14,-5.329070518200751e-15,-4.690617102585815e-15,-7.733857560152578e-16,-1.0709404262745871e-14,-0.030028492044004068,-0.048266222472866945
840,-3.260969856483589e-15,-5.655929468167966e-16,-4.5507829072296866e-15,1.0702755000524704e-15,-3.713936741593941e-15,3.3180207474106636e-15,2.220446049250313e-16,-4.440892098500626e-16,4.440892098500626e-16,1.3465699999812566e-15,-9.49242578291956e-16,1.819287850682543e-15,-0.031081608937176347,-0.06144056013373183
841,2.8699546888623576e-15,6.113763026733531e-16,-2.8128216096072636e-15,1.1320447884365884e-15,6.173736623505554e-16,3.3224825935593426e-16,1.7763568394002505e-15,1.9984014443252818e-15,-3.219646771412954e-15,1.0622477730206873e-15,3.963538577200221e-16,-8.347511604597976e-16,-0.03308095044397086,-0.04798083864829641
842,9.056339728244419e-16,1.2069373552422268e-15,4.59394825219577e-16,4.97176502639226e-16,4.640629228502797e-16,3.4315511556366743e-16,-3.3306690738754696e-16,2.220446049250313e-16,-3.3306690738754696e-16,2.7168747948818743e-16,2.3117750577436115e-16,1.934462995092299e-16,-0.07546295218731458,-0.08826143831013161
843,-3.078095604840585e-16,-9.943122079120536e-16,-1.9554648724034927e-15,3.165059802541521e-17,-2.384757315281309e-15,3.346843676226107e-16,4.440892098500626e-16,4.440892098500626e-16,2.220446049250313e-16,2.5074052817723315e-16,-1.199268120297702e-15,7.149615094839768e-17,-0.003646748153561285,-0.04585851371247625
844,6.853445241539849e-16,1.756253414893307e-16,-4.790335015123603e-16,-3.254680064375255e-16,1.417891125979468e-16,3.2884622634396926e-16,0.0,-2.220446049250313e-16,-1.1102230246251565e-16,-8.359401082313587e-17,6.57259618356632e-17,2.988405047766144e-17,-0.03157779046785127,-0.044779994485051496
845,6.552925540643151e-16,3.4129087373067124e-16,1.277828772198094e-16,-3.3307037243792265e-16,8.49447556754876e-17,6.368492088000334e-17,0.0,-1.1102230246251565e-16,-1.1102230246251565e-16,-1.3198639454447063e-16,7.40818277418458e-17,-2.972942555325586e-17,-0.03972358554687633,-0.06734530751529218
846,1.0643266407280357e-15,1.4910157138926133e-15,8.902960700333245e-16,2.7781886324590226e-16,-4.974713522890493e-16,3.3257279340131627e-16,0.0,0.0,-2.220446049250313e-16,2.021929256761239e-16,-2.2200999170680158e-16,1.9822259361795654e-16,0.015661793184132945,-0.0382447178123698
847,-2.705687544411126e-16,-7.421372790301373e-16,2.500794582042901e-17,-9.213442318936682e-16,4.2496555301194755e-16,1.6105055107934632e-15,-3.3306690738754696e-16,-2.220446049250313e-16,2.220446049250313e-16,-2.0693510010815708e-16,6.616787012654257e-17,5.474086140589563e-16,-0.06579716520799853,-0.11264738507950607
848,1.0734957140429798e-15,1.065302810452453e-15,4.0118599508971925e-15,-1.4665144218085153e-15,-1.5841701796629673e-15,2.4633037636982116e-15,-8.881784197001252e-16,-5.551115123125783e-16,8.881784197001252e-16,-9.407955345200401e-16,-8.840848241061079e-16,1.6267291382793655e-15,-0.04546314742968037,-0.08006643036892255
849,-5.683367475093385e-16,-2.183847086329323e-15,-2.5868898794981083e-15,-7.711591146484415e-16,-4.580766290224868e-16,6.092500454889025e-16,4.440892098500626e-16,2.220446049250313e-16,-3.3306690738754696e-16,1.0066788314941416e-16,-3.765202512233101e-16,2.2076668933817498e-16,-0.10232748571572156,-0.1438893810205469
850,1.1671691745111154e-15,7.236673219472435e-16,-6.101099353636187e-16,-1.0737811147976578e-15,-1.0461664207810552e-15,1.687961797764265e-15,4.440892098500626e-16,8.881784197001252e-16,-2.220446049250313e-16,-4.585654628889871e-16,-6.535061101482088e-16,8.096097307310963e-16,-0.14620861873983138,-0.15373587099386632
851,1.3977152995511423e-16,-1.1789655620875347e-15,-4.564904796542167e-15,-3.2135462713594217e-15,1.6334327733503202e-15,4.434072922711096e-15,-6.661338147750939e-16,2.4424906541753444e-15,-7.771561172376096e-16,-2.4555750804888473e-15,9.108034332879345e-16,6.742954570407028e-16,0.005049695057452871,-0.058748224050858056
852,8.381124171385218e-16,-6.548014031432627e-16,-1.2487970039449753e-16,-1.4883868367416794e-16,-6.615922748672129e-17,-5.995841310629402e-16,4.440892098500626e-16,-2.220446049250313e-16,0.0,-8.512600900193923e-17,-4.118402612924943e-18,-3.153969170745789e-16,-0.06584503060989454,-0.09931859173449893
853,-1.736788502398446e-15,-1.8948357210805346e-15,-4.691498675174688e-16,-3.2902399364440075e-16,-1.8720134707338564e-16,-2.5247572368034713e-16,-1.1102230246251565e-15,-4.440892098500626e-16,-1.1102230246251565e-16,-1.6580712012543754e-16,3.382790557403027e-16,-1.0222062176802585e-16,0.0,0.0
854,-8.375564443574294e-15,1.0140998674949304e-14,5.97830198664592e-15,3.32314420206843e-15,1.2822298649988759e-14,-1.3849320206562092e-14,1.7763568394002505e-15,3.552713678800501e-15,-4.773959005888173e-15,7.052527182814918e-17,-2.5925531453058245e-16,-8.686909901837116e-16,-0.04126093621874769,-0.038973342911153196
855,-1.0614782740290414e-13,-5.803509453752757e-14,-5.5643131048196866e-14,8.537159925924827e-14,-7.03885985474222e-14,5.853098102513674e-14,-1.887379141862766e-15,5.10702591327572e-15,-1.0547118733938987e-14,3.5577895433766574e-15,-7.222265283638326e-15,3.4972230760951585e-15,-0.0412609362187477,-0.038973342911153196
856,1.2123947182639255e-14,6.351056743124824e-16,-6.646554293920464e-15,-5.603994271185023e-15,3.7129986041009286e-15,-4.3494661654433256e-15,7.993605777301127e-15,8.881784197001252e-16,-6.661338147750939e-16,-2.1753391581483093e-15,1.6289086134150944e-15,-1.6783091088884287e-15,0.0,0.0
857,-1.1786501007647824e-15,-2.427375794142147e-15,3.3707100962081905e-15,-5.405362275332713e-15,-5.118806944068444e-15,1.501465747849015e-15,-1.887379141862766e-15,-2.6645352591003757e-15,6.661338147750939e-16,-2.697751255257074e-15,-2.5932243355413246e-15,6.750023035184011e-16,-0.04126093621874769,-0.0389733429111532
858,-2.2377746131043625e-15,1.2998702737152784e-15,-1.2307857003175189e-15,1.3986517005862497e-15,-4.6516277553246e-16,2.3551664219809242e-15,0.0,8.881784197001252e-16,0.0,1.0235002682267779e-15,1.5214211994149636e-17,1.2775837149472876e-15,0.0,0.0
859,8.954712244710202e-17,-2.2414169817132554e-15,-1.7480971414541825e-15,1.0382067652661993e-15,7.447083385510395e-16,1.363986871669826e-15,8.881784197001252e-16,-2.220446049250313e-16,4.440892098500626e-16,9.158612812477646e-16,3.641593315423624e-16,7.328722579675134e-16,-0.04126093621874771,-0.0389733429111532
860,-4.4644530167831645e-15,1.9070950911764045e-15,4.2403743726873266e-16,1.9420298416323247e-16,-6.996704251199607e-16,1.5784474730263082e-15,-2.886579864025407e-15,1.7763568394002505e-15,1.5543122344752192e-15,-7.294258342990829e-16,-1.1779338854527623e-15,5.049398684790945e-16,0.0,0.0
861,-3.1229886730427443e-15,-1.6169827424681357e-15,-1.0968870459952203e-15,-1.935759543777908e-15,-4.705359254857846e-16,-1.9975791337809135e-15,-6.661338147750939e-16,-6.661338147750939e-16,8.881784197001252e-16,2.8979448506735123e-18,1.756191971850827e-16,-1.281494888395214e-15,0.0,0.0
862,4.2574025717913466e-15,-2.4915692964234045e-14,1.4909904884346425e-15,-9.483150903769212e-15,7.868834534271223e-15,-7.28700109077948e-15,-1.0436096431476471e-14,1.9984014443252818e-15,3.1086244689504383e-15,-1.0482688270349815e-15,-2.3029836210869434e-16,-8.895920739456199e-16,-0.19729323687165068,0.23194951017003076
863,3.813632781283189e-15,-4.5459558161529764e-15,-2.3229800006338215e-15,1.9611367467957345e-15,-3.3758198259902927e-15,3.773163838656428e-16,2.4424906541753444e-15,-1.5543122344752192e-15,-4.440892098500626e-16,1.325132853168205e-15,-1.7218312268703628e-15,6.969788383738618e-18,-0.03467036177349398,-0.039342750052486566
864,5.494477654608553e-15,-7.204643136487787e-15,-2.0700518414219804e-15,1.5703242400201623e-17,3.413116489575699e-15,6.392883157950828e-16,-4.440892098500626e-15,-5.551115123125783e-16,3.3306690738754696e-15,3.594860971626775e-15,4.746859677743463e-16,2.410582963392748e-16,0.0,0.0
865,-1.0936969993985917e-15,-4.202321468349021e-15,-2.7583905261178752e-15,4.751143452585188e-16,2.590806858646345e-15,-6.362944072760499e-16,4.218847493575595e-15,2.6645352591003757e-15,4.440892098500626e-15,2.3755717262926164e-16,8.381087031069476e-16,5.503409055463962e-16,-0.0412609362187477,-0.0389733429111532
866,4.8717808547718885e-15,-1.95362585127829e-14,-4.300884108158052e-15,-4.833853768539274e-15,7.874602472965949e-16,-1.1606149027100035e-14,4.884981308350689e-15,6.661338147750939e-16,2.4424906541753444e-15,-1.8916087929381513e-15,4.203769037118271e-16,-1.4788872672065421e-15,-0.0412609362187477,-0.0389733429111532
867,9.486595527847134e-15,1.277493037705668e-16,7.018724063499293e-15,2.0877344977044434e-16,-7.811993883268856e-15,6.567850664319381e-16,1.1102230246251565e-15,-1.1102230246251565e-15,-1.1102230246251565e-16,3.002033317142207e-16,-1.4885574184104803e-15,4.602084493092988e-16,0.1406482059554212,-0.10766244732102422
868,1.8277441322833276e-15,2.305741202058793e-15,-8.026632765050936e-15,-1.3780976914178632e-15,2.146491908338809e-15,1.931012673952583e-15,1.3322676295501878e-15,6.661338147750939e-16,-1.6653345369377348e-15,-1.0940303497603986e-15,-2.212245250327535e-16,1.3168105013963778e-15,0.18569116754122159,-0.08659817127634942
869,1.0745852149440053e-15,1.4502543610238727e-15,4.074774634206189e-15,-1.056375757692432e-15,-7.781670938169957e-16,-1.9950747100846583e-16,1.7763568394002505e-15,-6.661338147750939e-16,-4.440892098500626e-16,-3.6586343554241067e-16,-1.0522531074213962e-16,3.7575288779927244e-16,-0.030830493055379153,-0.15464656365424106
870,3.1307272014747266e-15,6.376172069084762e-15,4.7269596621069156e-15,2.3333058812528997e-15,-9.876896443589116e-16,-1.0490632996966882e-16,1.3322676295501878e-15,8.881784197001252e-16,-4.440892098500626e-16,-2.6807659984031466e-16,2.598990614783122e-17,1.1339065984470046e-15,0.004897638078083239,-0.1638109944789624
871,6.657834741313412e-15,-3.7349197293170275e-15,-6.11329172510494e-16,-2.164263727501416e-15,-2.252724352675996e-15,3.428187911901132e-15,2.6645352591003757e-15,-3.3306690738754696e-15,-1.3322676295501878e-15,5.35326160436114e-16,-1.8108013617767703e-15,9.437289003075787e-16,0.2324371420590617,-0.07172127696531079
872,-5.444048583254656e-16,-6.1916013636161175e-15,-1.1985182640762901e-15,-3.97085887399954e-15,-1.3071326131722755e-16,1.8801396727149676e-15,1.1102230246251565e-15,5.551115123125783e-15,8.881784197001252e-16,2.3193840440612433e-16,-5.099315486629844e-16,-6.781677165278113e-16,0.07517874908851001,-0.1217687198922696
873,3.220957388141968e-15,-3.9170453260599964e-15,-8.782018948557024e-16,-3.0957130216069832e-15,-2.711602345618935e-15,-3.488694307148784e-15,1.9984014443252818e-15,1.5543122344752192e-15,-4.440892098500626e-16,-1.6299581620115798e-15,-1.2201147461109926e-15,-3.9985530990492334e-16,0.2324371420590617,-0.0717212769653108
874,-3.3251169407315127e-15,4.125990491998466e-15,-8.50143873637211e-18,-2.297019021045051e-17,1.4232899231581087e-15,-2.1632308751030166e-15,-5.551115123125783e-16,2.6645352591003757e-15,4.440892098500626e-16,-7.221074951664121e-16,1.0359976778010172e-15,-5.293707115879779e-16,0.2324371420590617,-0.07172127696531079
875,1.860565765116909e-15,1.5004355239182098e-16,4.456817745366196e-16,-1.6853724372522272e-15,1.8577954513417564e-16,1.1478895269096761e-15,1.5543122344752192e-15,-7.771561172376096e-16,-3.3306690738754696e-16,-4.866473176882501e-16,-2.5496089297742113e-16,-8.268454674301964e-17,-0.2627445901291683,-0.21461919587536954
876,-4.665076351369384e-15,1.9698566384636423e-15,-1.3150931892438934e-15,3.105246020242595e-16,-1.1236840773585371e-15,1.1666656417163928e-15,-1.1102230246251565e-15,2.6645352591003757e-15,-5.551115123125783e-16,-1.2053859560416512e-15,-1.536512407956675e-16,6.378179643702048e-16,0.1628432499640348,-0.09988729539981675
877,8.541043377594745e-16,2.1837543865962415e-15,-1.5917231188400106e-15,9.559670244813262e-17,-2.2304469436506005e-15,5.374216893431759e-16,4.440892098500626e-16,1.1102230246251565e-15,-7.771561172376096e-16,-2.1636647577380197e-16,-1.3468745530652422e-15,1.4770189744923213e-16,-0.10199481664022408,-0.16745277142505322
878,5.4435243946245e-15,-9.863256871249412e-16,-1.6072755822848533e-14,-2.075017415509501e-15,-5.172978508155859e-15,1.9185048555512385e-15,5.995204332975845e-15,6.661338147750939e-16,-1.6653345369377348e-15,-1.2403557732445262e-15,-3.797802268639353e-16,6.66788202821097e-16,-0.2625341714615727,-0.22859821236834552
879,2.5805735641938222e-15,3.3639334734560544e-16,3.363933473456028e-16,-1.3792794120225371e-15,6.774204454804106e-16,-1.693001233248717e-30,0.0,0.0,0.0,-6.229689179117306e-16,3.0776123462155288e-16,0.0,0.0,0.0
880,1.1362279998466461e-15,-1.0855655428030664e-15,1.5602695556781907e-15,-3.757474428569617e-16,2.0967726965712647e-16,1.0152598800067156e-15,4.440892098500626e-16,-4.440892098500626e-16,6.661338147750939e-16,-2.898593756993088e-16,1.2201850968847347e-17,4.815803780072474e-16,0.0,0.0
881,-1.9344660730024608e-16,-1.1394329136408865e-15,4.2219759273294567e-16,-1.0820555617441512e-17,5.238688122674924e-16,2.5271901645595356e-16,-1.1102230246251565e-16,0.0,2.220446049250313e-16,-1.580375133503094e-16,3.5598255962466496e-16,5.037059666251998e-17,0.0,0.0
882,7.956446080722111e-15,1.7631088402051208e-14,-2.723186889586498e-15,-2.2469412596838068e-14,-2.7482192008437136e-15,3.584329976981177e-17,4.218847493575595e-15,2.930988785010413e-14,-4.440892098500626e-16,-1.0353575116479785e-14,-3.1407541434345553e-15,8.349384323701656e-15,0.2324371420590617,-0.0717212769653108
883,-3.425397413288778e-16,5.248571234531941e-16,9.800545861099932e-17,3.689924053337282e-16,4.131189230095698e-16,-3.079155633537573e-16,-1.1102230246251565e-16,4.440892098500626e-16,-1.1102230246251565e-16,2.758066734014997e-16,1.3348218955330155e-16,-1.6401970627102147e-16,0.0974780983014928,-0.09386120896009699
884,1.484390095664492e-17,1.9855270182425558e-16,6.965487460140493e-17,-1.1868742638770034e-16,4.157730135306367e-16,8.363266357036153e-16,-4.440892098500626e-16,-1.1102230246251565e-16,-1.1102230246251565e-16,-8.064022581558478e-17,3.231507135177909e-16,2.4588820046990316e-16,0.17679482018951875,-0.0851511560977039
885,8.104865860377453e-16,-6.636188772371907e-16,-6.444187494339206e-17,-7.341207869799599e-16,6.908117794930036e-16,3.1863728293457557e-16,2.220446049250313e-16,-3.3306690738754696e-16,2.220446049250313e-16,-4.3979682478188863e-16,3.753255142957256e-16,1.6157482507240074e-16,0.0,0.0
886,4.481743708180462e-16,-9.050633151224254e-18,-6.952688588561103e-17,-4.967453575601878e-16,1.7111987135075034e-16,2.3566297806413433e-16,2.220446049250313e-16,-1.1102230246251565e-16,0.0,-2.0199383887846817e-16,6.680028075982579e-17,8.810390214895638e-17,0.0,0.0
887,2.0410993145330718e-15,-6.58820759497103e-16,-2.9992552365071243e-16,-6.676510349861283e-16,1.3041081537298225e-16,1.6669613226531847e-16,8.881784197001252e-16,-2.220446049250313e-16,0.0,-5.080283176799962e-16,1.3787824937842095e-16,1.3698964868854433e-17,0.16933779959903628,-0.08117128131199616
888,-4.4763437473712526e-17,1.4485166083377477e-16,1.6851843797104611e-16,-3.7561987974075846e-16,3.306362775374607e-16,6.201204910090926e-16,-1.1102230246251565e-16,0.0,-1.1102230246251565e-16,-2.1423367950952944e-16,1.309758557428298e-16,2.4302632537734185e-16,0.0,0.0
889,-2.617033440819876e-16,1.21637288333962e-15,-4.1132354610256116e-16,1.0185525147518515e-15,3.705808841374117e-17,-1.3257177652177447e-15,-3.3306690738754696e-16,0.0,-5.551115123125783e-16,5.475100931632748e-16,1.1723242812837032e-17,-6.397156435245334e-16,0.0,0.0
890,6.771406180859224e-17,7.660501152241375e-16,-3.616239734059513e-16,2.30540974634605e-16,1.3445145744056885e-16,8.355491012894656e-17,-1.1102230246251565e-16,4.440892098500626e-16,-1.1102230246251565e-16,1.1859897028710975e-16,7.635741763205361e-17,7.774266000330153e-17,0.0,0.0
891,3.9219683390515156e-17,1.1377197283316179e-15,-4.2930929546414233e-16,5.683584834049279e-16,5.480933125507054e-16,-2.482622537548589e-16,-3.3306690738754696e-16,4.440892098500626e-16,-2.220446049250313e-16,2.7625763459149416e-16,2.7940211452362216e-16,-8.15441139990927e-17,0.12718765697301823,-0.08763123728550187
892,1.2239628256447859e-15,1.6144355279323958e-15,2.9184413917779687e-16,4.3515578432957337e-16,2.646467190014856e-16,-2.186433535695434e-16,0.0,2.220446049250313e-16,-4.440892098500626e-16,3.161312731021592e-18,1.6570790744010393e-16,-1.7857542405628866e-17,0.0,0.0
893,-4.0956094674712655e-16,9.133023661946358e-16,-3.6249829204383136e-16,4.890442924999387e-16,2.1876219908501484e-17,3.095083411711294e-16,-1.1102230246251565e-16,6.661338147750939e-16,0.0,2.4032859194908125e-16,-1.6554104972279192e-16,6.111317254996012e-17,-0.006226881627488895,-0.04327813237592097
894,-9.312298740965836e-17,2.9209467024327137e-16,-1.0149035466055309e-15,2.3445274114982215e-16,6.702623130888342e-16,4.807842198139513e-16,-4.440892098500626e-16,0.0,-7.771561172376096e-16,1.1995303082288495e-16,4.776813618187684e-16,2.6928475952532195e-17,0.014840510119654085,-0.04705125435658918
895,-8.427209899927561e-17,2.137083201820416e-16,-5.374722750571489e-16,2.861525182468621e-16,-1.2504392697316064e-16,-2.288153158661633e-17,0.0,2.220446049250313e-16,-2.220446049250313e-16,2.0869322966100175e-16,-7.868368917094349e-17,-8.75726694621232e-17,-0.04239730183527239,-0.0154683278944914
896,7.012093430900997e-16,4.80522935947521e-16,-4.226232294018038e-16,6.954992383081442e-17,-1.5966542275801757e-16,6.957424902634415e-17,0.0,0.0,-2.220446049250313e-16,8.480771568477294e-17,-4.351409086791407e-17,-4.840531579878985e-17,-0.00042377921962196395,-0.029773478835717893
897,4.478721166459551e-14,1.0038497039764e-14,-2.568718302919371e-14,-1.1270533033924076e-14,5.442428725146566e-15,-2.7753820642244868e-15,-1.865174681370263e-14,1.9984014443252818e-15,-1.2212453270876722e-14,-1.3743846173106288e-14,-1.8937896549419563e-14,-1.38711280384608e-15,-0.042397301835272405,-0.0154683278944914
898,3.946471888076506e-14,-7.390751748496456e-14,-1.0367500865367387e-14,-6.77932423158268e-14,1.0285983908501849e-14,-3.6632111023552e-14,2.9976021664879227e-14,6.661338147750939e-15,-1.7319479184152442e-14,1.8260602655929328e-14,-5.276188175064469e-15,-7.285604834028007e-16,0.03987390819047733,-0.09088547341653785
899,1.0785157839719019e-14,2.9186618966893177e-15,-9.896698905801227e-15,3.2423250208779924e-15,2.474334239625687e-15,1.0261433830052023e-14,5.995204332975845e-15,-2.6645352591003757e-15,-3.774758283725532e-15,2.8387663401221433e-15,-3.3591548907232984e-15,3.08208199347388e-15,0.02075667506235198,-0.07038575651158524
900,5.7595743438188826e-15,3.2709588803703103e-15,-1.781406768007924e-15,8.995977050015504e-15,3.0345060647005097e-15,-2.393939890080374e-15,2.220446049250313e-15,0.0,-1.1102230246251565e-16,3.443647607398432e-15,5.163460355146427e-16,6.628244607091112e-16,0.027135011936208705,-0.09953797906561898
901,-2.380924598631785e-16,4.553555180276994e-15,-4.660840179129515e-16,-1.693878592183661e-15,1.6448518183864893e-15,-4.873831298678721e-16,-6.661338147750939e-16,1.9984014443252818e-15,-5.551115123125783e-16,-1.6285455203815813e-15,1.3612623537438208e-15,4.657531819037477e-16,0.01761570331451027,-0.08371956264917173
902,7.625416921453478e-16,3.1423626762472333e-16,5.941519501716314e-16,-7.327731500058899e-16,1.7362699905628894e-15,2.1554513801205039e-16,0.0,0.0,0.0,-7.689902006718582e-16,5.857343785231014e-16,0.0,-0.010647677484733558,-0.12937293400833977
903,1.3406577574885848e-16,-5.05616558356063e-17,8.188025354058378e-16,-1.0971612897933335e-15,7.42849689071048e-16,-2.401635887251108e-16,0.0,0.0,2.220446049250313e-16,-5.418554334703673e-16,2.746876859477787e-16,-9.077815532223455e-17,0.06334780164901774,-0.11065507796296056
904,9.086156440819932e-17,2.5922846609674997e-16,2.592284660967493e-16,-6.873894555137908e-16,3.4695410516128355e-16,-4.510082058164702e-31,-1.1102230246251565e-16,0.0,0.0,-3.3630825671050476e-16,1.5830992426491684e-16,0.0,-0.013221009547599073,-0.13806298518297744
905,-5.224055945971092e-16,-4.654351187153839e-16,-2.8594260187331977e-16,-1.5821098355687202e-15,1.2906100550207214e-16,-5.847171678650022e-16,0.0,2.220446049250313e-16,0.0,-5.577449564442607e-16,2.3869689743582536e-16,-9.80928787325384e-17,0.01659048231953805,-0.0892550605825793
906,-4.643510083430259e-15,-6.848232247846882e-16,-1.5626628130051222e-15,4.3693774899849134e-17,-1.3126546710373534e-15,-7.131245152406451e-16,2.220446049250313e-16,0.0,0.0,-7.294156324898593e-16,8.685102769625849e-16,0.0,0.0,0.0
907,6.063376591020276e-16,-1.1956168106545051e-15,-9.444375305052452e-16,-6.249023226583741e-16,1.0604732800130849e-15,-1.0172882034650387e-16,-2.220446049250313e-16,0.0,0.0,-6.847328501273844e-16,7.609221816869926e-16,-6.97704124093191e-18,-0.1972932368716507,0.2319495101700308
908,2.151640057434652e-16,-1.085618980717302e-15,-6.880849663625372e-16,-8.808130651426364e-16,5.865433196285669e-16,1.4890395418951466e-16,-2.220446049250313e-16,0.0,0.0,-5.1410646137177925e-16,5.147444061378391e-16,4.4947528951792675e-17,0.0,0.0
909,-7.198821402297553e-16,-9.619959814291385e-16,-1.0700448179842997e-15,-8.546749602486064e-16,1.43505847773606e-15,2.0640679490047338e-18,-3.3306690738754696e-16,0.0,0.0,-7.218449083158222e-16,7.808564634037402e-16,0.0,0.0,0.0
910,-1.2376096658642355e-14,-9.977778878297401e-15,6.293245190514182e-16,-1.188155708642091e-14,-2.2991771762461487e-15,-2.8043672849244263e-15,1.3322676295501878e-15,-6.439293542825908e-15,-1.4432899320127035e-15,-3.129817467234449e-15,3.1338775097742485e-16,-5.4266906552987895e-15,-0.19729323687165068,0.23194951017003076
911,1.495335700964321e-15,-3.618185142461392e-15,1.0807136856433354e-14,-4.112023839205559e-15,-3.859971240966515e-15,-2.3569745560630276e-15,6.661338147750939e-16,-3.4416913763379853e-15,-1.1102230246251565e-16,-2.1403725441435716e-15,-7.125304138538992e-16,5.263645720123614e-16,-0.19729323687165068,0.23194951017003076
912,8.472666068636006e-16,3.070484598073737e-15,-6.525764522336528e-15,1.8589461102942134e-15,-7.98690600996028e-15,3.839106629830074e-15,3.552713678800501e-15,3.3306690738754696e-15,6.661338147750939e-16,1.3089961457609657e-15,-9.026925045781707e-16,2.1843250317033616e-15,-0.1972932368716507,0.2319495101700308
913,-1.0859122897115297e-14,-8.172963341016328e-16,-1.0592607160077368e-14,9.510163857429829e-15,-6.571849558467328e-15,1.0873764245602403e-14,0.0,3.3306690738754696e-15,8.881784197001252e-16,1.706486873266376e-15,1.0633151609271803e-15,2.6950617535103144e-15,-0.1972932368716507,0.23194951017003076
914,-8.059216589225599e-16,-1.9703689840526008e-16,-5.397509385391278e-16,-1.3396070134989065e-16,1.473208390631884e-16,1.2765677970160312e-15,0.0,2.220446049250313e-16,2.220446049250313e-16,-2.0612807124158947e-17,2.4240266453871464e-17,7.023389594619156e-16,-0.19729323687165073,0.23194951017003082
915,-1.5351180495972764e-15,-9.523117466403047e-16,-1.5455325697857517e-15,-3.031472838337655e-16,1.0620481394819644e-15,1.88648022482179e-15,0.0,6.661338147750939e-16,4.440892098500626e-16,-2.306237781428489e-17,2.714856052963158e-16,1.0637454968560252e-15,-0.19729323687165068,0.23194951017003074
916,2.2838836512152683e-15,-1.7114456017535345e-16,5.133957667461429e-15,3.760312752000857e-15,-7.853216181930408e-16,1.1617756459806365e-15,-7.771561172376096e-16,-2.1094237467877974e-15,6.661338147750939e-16,2.3485978232065874e-15,5.378986901155399e-17,6.7524150411368295e-16,-0.1972932368716507,0.2319495101700308
917,-5.14877402643156e-16,-4.886120983145127e-16,-2.6206135209619693e-15,3.7950453255767066e-17,-5.081398903212939e-16,4.931193596355783e-16,0.0,8.881784197001252e-16,-4.440892098500626e-16,1.4706689229459522e-16,-3.581692374466217e-16,2.5739685133803616e-16,-0.19729323687165068,0.23194951017003076
918,2.1326373761782694e-15,7.587343290560086e-16,2.228462018154453e-15,1.4016928787281554e-15,-2.3806157714457513e-15,3.9467674499462735e-15,-1.1102230246251565e-16,-9.992007221626409e-16,2.220446049250313e-16,1.1131450969360974e-15,-6.047022433015663e-16,2.2638768252883616e-15,-0.19729323687165068,0.2319495101700307
919,-1.305799493385449e-15,-4.0074656691092455e-15,-3.61860623498879e-15,-2.0902347317772377e-15,9.249786051443209e-16,4.408422723108691e-15,4.440892098500626e-16,-2.6645352591003757e-15,8.881784197001252e-16,4.549132593378327e-16,-5.50764575098539e-16,1.4703695781328072e-15,-0.19729323687165068,0.2319495101700308
920,-1.470737244637367e-15,-3.761101364219631e-15,-4.974845966665191e-15,-4.164417502889754e-15,-1.063407625403792e-15,1.234984544015693e-15,1.1102230246251565e-15,1.5543122344752192e-15,-2.7755575615628914e-15,-2.2265650970345945e-15,-6.730542361478259e-16,-2.277312183592791e-15,-0.1972932368716507,0.23194951017003082
921,9.927769065256823e-16,2.682042461554047e-15,4.380226635208404e-16,-9.092904609825461e-16,7.978528629585032e-16,-1.1384409151755618e-15,1.3322676295501878e-15,4.440892098500626e-15,-8.881784197001252e-16,-2.182015453876276e-15,-5.622563695865197e-16,-9.997240059961787e-16,0.0,0.0
922,8.15204817122818e-16,1.7491867798531704e-15,1.0636401820163364e-15,4.7591503088811485e-16,5.699543871296633e-16,3.138411608650676e-16,-4.440892098500626e-16,0.0,-4.440892098500626e-16,2.473448237590087e-16,2.9877514803379445e-16,2.0381577972672293e-16,-0.19059546225845,0.22259431074950964
923,7.536934229063864e-16,-2.1768054606096447e-15,-5.366718327007546e-15,1.533034937990333e-15,-2.8104019092520977e-15,3.87921436704921e-16,1.7763568394002505e-15,8.881784197001252e-16,-6.661338147750939e-16,1.6374014151320891e-15,-1.3474052477664336e-15,-4.2539866445825467e-16,-0.1769628241019438,0.20051634771187232
924,-6.895590501888623e-16,-3.7197068546287136e-15,-7.339470200405791e-15,-6.332851538987377e-16,-1.6436580834507645e-16,9.711162381718044e-16,2.220446049250313e-16,1.7763568394002505e-15,-6.661338147750939e-16,9.458011747182227e-16,-2.026616394901005e-16,3.47725804564682e-16,-0.16047838400525685,0.17421896938041243
925,3.194624542667195e-16,-1.2092535132435527e-16,-6.290712313730452e-16,-1.9623273127878128e-16,-3.592311494555731e-17,3.785542093224376e-16,2.220446049250313e-16,0.0,-2.220446049250313e-16,-1.070996221366282e-16,-4.4238317787137986e-17,1.1616388203313298e-16,-0.19205667037895463,0.22141010066130493
926,-2.4988765044266545e-17,-1.9606092326541204e-15,6.216795947946451e-16,1.841471365776735e-15,1.3199032097070538e-15,-2.740782879646552e-15,-4.440892098500626e-16,-1.6653345369377348e-15,-3.3306690738754696e-16,1.046110268720418e-15,6.834297450118727e-16,-1.7167968728075098e-15,-0.0598774154231674,0.0400122642299269
927,-3.8852119899586037e-16,-1.262204109040103e-15,-2.4192271696740164e-15,-9.63039810309495e-17,7.065311826895606e-16,1.209239373832674e-15,6.661338147750939e-16,-1.1102230246251565e-16,-9.992007221626409e-16,1.3688870069002098e-16,3.8583436169277437e-16,1.5286836634918516e-16,-0.19729323687165073,0.23194951017003082
928,-5.801227105016898e-16,3.1753974435202783e-15,-5.034055918146246e-16,-5.909798330490554e-16,8.431337126402773e-16,-3.720788233385076e-16,-5.551115123125783e-16,1.7763568394002505e-15,-4.440892098500626e-16,-7.851577628148156e-16,8.714289019100688e-16,1.4215227720051895e-17,-0.1251966614792726,0.12709329467079164
929,4.824763515271614e-16,8.523611048682906e-16,-1.3741921989922483e-16,5.470351581874089e-16,2.6034539564427924e-16,-9.883678911249714e-16,0.0,2.220446049250313e-16,-4.440892098500626e-16,1.4235645495138293e-16,1.880167065659823e-16,-4.1485851101595717e-16,-0.0626828171625337,0.04157646376995127
930,6.579703371536455e-15,-2.5499230761991907e-14,4.909761584687339e-15,-1.0313661364839199e-14,-4.611868321599257e-15,1.1979645212760495e-14,-2.1094237467877974e-15,7.993605777301127e-15,-1.2212453270876722e-15,-3.531614386271719e-15,-2.3382772952409403e-16,4.55525385820883e-15,-0.15296689359845742,0.1636967625195006
931,-1.0723596399917797e-15,4.1883243408855786e-15,2.8029449952377217e-15,1.1400872918609446e-15,6.640588720644041e-16,1.0273511913501017e-15,-3.6637359812630166e-15,8.881784197001252e-16,2.220446049250313e-15,-1.2343272613298398e-15,4.818929620789345e-16,2.219563414225145e-15,-0.11132005330453754,0.0972537199678895
932,4.509894485205268e-15,4.3321329125481895e-16,1.5448435110193207e-15,9.512888679475564e-16,-3.825022709123402e-16,-7.894739098841652e-16,-9.992007221626409e-16,-2.9976021664879227e-15,2.220446049250313e-16,5.5194794585540593e-17,-3.0588242162943343e-16,-3.655143868928971e-16,-0.05987741542316741,0.04001226422992691
933,-9.004353844507406e-15,3.682737783275493e-15,2.4934822294574424e-15,-4.482921554407039e-15,1.0663085889946049e-15,-1.5940923435469366e-15,-3.4416913763379853e-15,6.217248937900877e-15,-1.1102230246251565e-16,-7.161196861861768e-16,8.728472919359846e-16,1.5623796176338155e-15,-0.062490033531583326,0.0398723635782402
934,8.987165186346263e-16,-3.4437728053683955e-15,2.934210645854729e-15,-2.296755057321753e-15,-7.498677401484363e-16,8.628993210777084e-17,6.661338147750939e-16,-1.9984014443252818e-15,2.220446049250313e-16,-1.6152734726056518e-16,-8.892069409075632e-16,-4.827893164960916e-16,-0.05987741542316741,0.04001226422992691
935,7.063558084730252e-16,-1.5398475948821312e-15,-7.865214054812073e-16,-1.0949191240960374e-15,-2.0740586437675796e-16,3.236122261240099e-15,-3.1086244689504383e-15,4.440892098500626e-16,-1.2212453270876722e-15,-3.644646453536272e-16,2.0788954523901487e-15,1.142370145256825e-15,-0.0598774154231674,0.0400122642299269
936,4.4139460855778563e-16,-2.6071439207921513e-16,-1.4638977080244372e-16,-1.293580987521344e-16,-1.258762651899508e-15,-7.780530436904354e-16,-1.1102230246251565e-16,-3.3306690738754696e-16,-1.1102230246251565e-16,-2.586622460328743e-16,-6.301254265865302e-16,-4.1376789900250757e-16,-0.13946956918297712,0.13966189106168192
937,-7.282140264950225e-16,-8.13464448737183e-16,-4.651394819321499e-16,-8.559188781152522e-16,1.0420063467260886e-15,2.03601252427805e-16,2.220446049250313e-16,-4.440892098500626e-16,-3.3306690738754696e-16,-2.1568328344634287e-16,4.608437266498372e-16,9.676503093027031e-17,0.02376997852913136,-0.04325530192427214
938,1.6205027909003497e-15,-1.4339783694267657e-15,7.196314838273032e-16,1.16248780341366e-15,-2.9027347293021284e-16,-5.655682482356767e-16,6.661338147750939e-16,-9.992007221626409e-16,4.440892098500626e-16,3.6999038313728883e-16,-1.5299083503340954e-16,-3.181699584468302e-16,0.026560390342614985,-0.043095813857928655
939,1.1235969054416648e-15,-1.0270796517228213e-14,5.207410706435212e-15,-1.8653059045110674e-15,4.188899059382248e-15,-1.0289283283208675e-14,-2.4424906541753444e-15,-3.4416913763379853e-15,5.773159728050814e-15,-5.1416143249843663e-17,2.1014443740670084e-15,1.6285611029945712e-15,-0.03003616907628689,-0.15131992230373695
940,3.2211367282811174e-15,3.2988312217518147e-16,2.2623718921926146e-15,-2.6899439386285006e-16,-9.775616279971805e-16,-2.0531746164151014e-15,1.1102230246251565e-15,-1.3322676295501878e-15,-3.3306690738754696e-16,-2.1302787066691203e-16,-6.306452878223674e-16,-1.016488874814141e-15,-0.04563833026207989,-0.1397830896314024
941,1.0473012618063988e-15,3.330285050238156e-15,-1.450670546767928e-15,5.722320522446108e-16,-1.28597084070399e-16,6.355816047540163e-16,-1.1102230246251565e-16,1.1102230246251565e-15,-1.1102230246251565e-15,-2.9390661838734274e-16,-3.691337455866303e-16,2.766526643935267e-16,-0.03051747294245604,-0.10761137941799366
942,1.2341411087032744e-15,1.4680685701616915e-15,2.4980195365371262e-15,7.34418148590229e-16,5.999062299124783e-16,-1.1435590132210397e-15,0.0,-5.551115123125783e-16,-3.3306690738754696e-16,-3.267912107493145e-16,6.451333568555174e-16,-4.401444174124367e-16,-0.010789274876353516,-0.12535155101313264
943,-2.6529710753125175e-15,9.95924564280313e-17,8.867148643372195e-16,-1.8986495843971827e-15,2.4240781097974455e-15,-1.24793546421756e-15,-2.220446049250313e-16,1.7763568394002505e-15,6.661338147750939e-16,-1.4011805024472806e-15,3.604177720505508e-16,9.98580856849292e-16,-0.01119077552901896,-0.06764970595084602
944,-7.77650034177645e-15,-2.7660988594272554e-15,6.303415559121581e-15,-2.1572792442776168e-15,2.715797460975521e-15,7.597511913086217e-15,-9.103828801926284e-15,-1.9984014443252818e-15,6.661338147750939e-15,-3.3675289319955596e-15,1.6070008755920777e-16,3.204147100827606e-15,-0.027580467400845732,-0.035592637044057046
945,-2.988641873736875e-14,-9.680359689188951e-15,-5.731628296595615e-14,1.2352671027636752e-14,7.413340883283397e-14,7.189181955730308e-16,-1.27675647831893e-14,-2.6645352591003757e-15,-4.984901380566953e-14,6.176335513818611e-15,-4.460873843562441e-14,1.7793372210903974e-14,0.017326077415488902,-0.06496716729454705
946,2.907132498656294e-14,-5.031833497931918e-15,-2.39259970739536e-14,-1.985523470587034e-14,1.7671798865483912e-14,3.780180412736374e-15,-1.1213252548714081e-14,6.661338147750939e-16,-5.551115123125783e-15,-1.4331158437007428e-15,7.479328047157143e-16,-1.1633348296174212e-15,-0.03247139331132959,-0.045804915161130576
947,-1.4284243777138997e-14,-7.608932712120748e-15,-8.994900975043097e-15,6.074761982843296e-14,8.648304942900265e-15,2.851675637198141e-14,2.1316282072803006e-14,8.215650382226158e-15,-1.84297022087776e-14,2.6003342818981605e-15,-6.801796714126541e-15,-4.849067706756575e-15,-0.0043505029734590825,-0.039233742743639236
948,7.752345687788338e-15,5.408496117416965e-14,-1.82944412272179e-14,-9.29749486619289e-15,-1.7534701530961555e-14,2.7532394865403617e-14,8.43769498715119e-15,1.0436096431476471e-14,-1.9984014443252818e-15,-2.195000455552274e-16,3.857893552429695e-15,2.054040726912496e-15,-0.02486332765053573,-0.14786251295407254
949,5.790677745556768e-15,1.5319057352853121e-15,-4.3033504991456336e-15,-4.475929717370903e-15,4.557265486856026e-16,4.441013776720971e-15,6.439293542825908e-15,-3.3306690738754696e-16,-1.1102230246251565e-15,-2.090898802268402e-15,-3.2765806500339955e-15,2.110451363618024e-15,-0.16482825188313077,-0.15941818868574753
950,6.808857631321543e-15,-4.637021910446228e-15,-2.5998747497289893e-15,-6.950707921348936e-16,-1.8160380895107885e-15,5.424854661806605e-15,2.886579864025407e-15,-4.440892098500626e-15,-9.992007221626409e-16,1.2038070712313567e-15,-3.072540829876151e-15,1.9191453545998263e-15,0.0,0.0
951,-4.5823796191065206e-15,4.283971188555494e-15,-9.127860707587903e-15,7.555100911957257e-16,-1.9206294595497086e-15,-1.9674737184596013e-16,-1.7763568394002505e-15,2.4424906541753444e-15,-3.774758283725532e-15,-3.566954921480115e-16,1.1025762248940585e-15,-7.072737129724773e-16,0.0,0.0
952,-2.0402299404030425e-15,9.741562841259291e-15,1.0636171792147828e-14,3.33520564795436e-15,-4.126678517922852e-15,-1.787496799295623e-14,8.881784197001252e-16,3.3306690738754696e-15,-1.5543122344752192e-15,-2.878452110264004e-15,5.757891328726949e-15,-6.423602898262044e-15,0.0,0.0
953,1.7795604024482954e-14,1.4224556448394245e-14,-2.127049593877144e-14,-4.017860975402875e-15,-1.2324436874206171e-14,5.3130363471902486e-15,-6.106226635438361e-15,7.105427357601002e-15,-5.440092820663267e-15,1.820291464438367e-15,-4.709177191202124e-15,1.9877075476649088e-15,0.0,0.0
954,4.17566362613378e-15,-2.1534957508299467e-15,1.3871191489808423e-15,2.0516373183410713e-15,-1.9746124052625474e-15,-3.312320314183665e-15,6.661338147750939e-16,-8.881784197001252e-16,2.220446049250313e-16,4.37474987464325e-16,-8.01120379630619e-17,-1.303939786230364e-15,0.2324371420590617,-0.0717212769653108
955,-3.1361753435859944e-16,-9.4437659429224e-16,1.8699001955458092e-17,8.1033439143803e-16,5.629695816057161e-17,-5.417611375709894e-16,-5.551115123125783e-16,2.220446049250313e-16,4.440892098500626e-16,1.3158698048261592e-16,-5.215850014547578e-18,-3.493067310458323e-16,0.20369706578649463,-0.07602550320779322
956,1.962541001785048e-15,-4.476752541040835e-15,-7.268176874373357e-16,-3.6335311669520334e-15,-5.888424803555415e-16,-1.1133368452704693e-15,2.220446049250313e-15,-9.992007221626409e-16,1.3322676295501878e-15,-1.816765583476033e-15,-1.3863985371305774e-16,-6.222295780934289e-16,0.11486375622444538,-0.10295054385709487
957,-2.444787615962268e-16,-1.9038090989939927e-15,-2.024762201316351e-15,2.738059484048877e-15,-5.2873052161918426e-18,-2.264800473212164e-15,1.9984014443252818e-15,-1.7763568394002505e-15,6.661338147750939e-16,1.520130241983911e-15,-1.1430592252466265e-16,-2.084084893577798e-15,0.022211177861067626,-0.13197677062660723
958,2.9810415877249584e-15,-9.942206667030663e-15,-2.604076566512301e-14,-6.5642426282314195e-15,2.0688828205004304e-14,8.216746990581576e-15,3.9968028886505635e-15,-3.4416913763379853e-15,1.7763568394002505e-15,1.3801305024530704e-16,4.0868973039656194e-15,6.159796499262124e-16,0.0,0.0
959,9.808381328785981e-16,-2.571875545921901e-15,1.57913086948717e-15,2.609116456009501e-16,-1.6045417785956045e-16,1.7172534948357217e-15,2.220446049250313e-16,-1.5543122344752192e-15,4.440892098500626e-16,1.304558228004725e-16,-3.1739182865973556e-16,8.230671064226897e-16,-0.1972932368716507,0.23194951017003082
960,-2.7746976562086125e-15,-1.82945559109648e-14,-3.5874141963780623e-16,8.379633560690052e-15,2.6739332449647922e-15,-1.6232750284930608e-15,-3.219646771412954e-15,-3.6637359812630166e-15,1.9984014443252818e-15,4.9042173398620696e-15,1.6673977115473056e-15,-9.37725444657989e-16,-0.09642114050939875,0.07650684884880356
961,1.1741312249815939e-15,-4.59902850306924e-15,-1.1964463194785004e-15,1.837271767909884e-15,-1.1089748422235453e-15,2.9752124156038174e-15,3.3306690738754696e-15,4.440892098500626e-16,1.5543122344752192e-15,9.18635883954948e-16,-5.091456254426588e-16,1.0157091819945952e-15,-0.07386531813500183,0.051282603708799286
962,-2.123874827410333e-16,2.4848279121836472e-15,-1.4177043885408938e-15,3.0115261518156574e-15,-1.596388284848672e-15,1.973043370594637e-15,-2.886579864025407e-15,1.3322676295501878e-15,6.661338147750939e-16,-2.3117899455225263e-16,-1.6291229715530575e-15,5.578592828499454e-16,-0.07505259440960309,0.05762033819321544
963,2.438177165993157e-14,4.560369353356866e-14,-2.737388866621001e-14,-5.1881484274322177e-14,-1.9949844995540202e-14,-1.19945094889047e-14,1.0658141036401503e-14,-2.6645352591003757e-15,7.771561172376096e-15,-1.0346244677600685e-14,1.2141354193504378e-15,-5.62015150312514e-16,-0.10224173870737217,0.08916846452645817
964,-3.788041353208888e-15,-1.6944467263030897e-14,8.809389631772243e-15,6.6899260636102875e-15,4.604916192385222e-15,-1.2182622158176906e-15,-4.218847493575595e-15,-2.1094237467877974e-15,4.884981308350689e-15,-1.5544805635564888e-16,-2.3123972627937954e-15,1.3821884574073131e-15,-0.0849550091500503,0.06441750590346598
965,6.6077232149656075e-15,-1.998098577587115e-15,4.053539792897462e-15,-1.3512523297099284e-16,-1.3413668639395736e-15,1.950171968044002e-15,3.9968028886505635e-15,-4.3298697960381105e-15,1.7763568394002505e-15,-1.4012257067401152e-15,-7.235479168747391e-16,-7.828307049711094e-16,-0.140703541986396,0.13379649016647557
966,7.256024606109953e-15,-1.0285499182967429e-14,-4.083931354389524e-15,1.314949591672223e-15,-9.158381437914216e-16,-9.494248784713687e-16,6.217248937900877e-15,-2.55351295663786e-15,-1.1102230246251565e-16,6.574747958361102e-16,-2.8621049950279377e-16,-1.2954551534425719e-15,-0.0845386225274145,0.05694973795416362
967,2.7416803005628443e-15,-1.2281690688073857e-15,-8.92250401902975e-16,-1.9350385135729402e-15,-1.9216185766091802e-16,4.927622264704552e-16,1.9984014443252818e-15,-5.551115123125783e-16,0.0,-7.166632987046818e-16,-6.208888336352589e-16,1.125719734303667e-16,-0.08478225677836818,0.06890986662514864
968,2.1909720322910917e-15,-1.6178274543141568e-15,-9.952685724326384e-17,-3.2117038668801452e-15,-8.805768058145442e-16,7.596540670307496e-17,2.4424906541753444e-15,-6.661338147750939e-16,-3.3306690738754696e-16,-1.0954752680832006e-15,-4.4070478266265835e-16,1.1056187353678305e-17,0.022754385023147177,-0.043073340315008285
969,8.947795815508394e-16,1.4447329580478883e-15,-8.217374263843412e-15,-1.6725503589780785e-15,2.8012595000866976e-15,-1.6235764412075846e-15,1.5543122344752192e-15,1.5543122344752192e-15,-5.551115123125783e-16,-1.1244881526919336e-15,8.597397240387192e-16,1.4893344462421778e-16,0.02555450090087035,-0.04301448295261265
970,-9.811920481320281e-15,3.4545552818337923e-15,-2.2211453353461323e-15,2.1551879892534625e-15,-2.436856718472398e-15,-4.486908525942518e-16,-3.552713678800501e-15,1.9984014443252818e-15,-5.551115123125783e-16,1.0963062544527586e-16,-1.278527680553085e-15,-6.318085676160273e-16,0.0293961760301685,-0.0429337324140045
971,-2.5476835596804046e-15,8.002832740112256e-16,-1.2571745857044632e-14,1.0534368960352342e-15,-3.4629575974762744e-15,4.1997797571751213e-16,-2.220446049250313e-15,2.4424906541753444e-15,-3.3306690738754696e-16,6.264638410130571e-16,-1.3239208947131842e-15,1.3836864462047796e-15,0.0293961760301685,-0.0429337324140045
972,-2.2734910745048596e-15,-1.691775515515027e-15,-3.3861507020360073e-15,1.4255633496018387e-15,-3.4069119341007515e-16,-1.7795261126221136e-15,4.440892098500626e-16,0.0,0.0,-7.31103180853264e-16,5.273795823585726e-16,0.0,0.016467632491006072,-0.0422090768699274
973,-7.563673014393071e-16,-1.4442334469938412e-15,-1.4710756805914712e-15,1.1767745648152977e-16,9.194305975192193e-16,-2.298066064531932e-16,0.0,-2.220446049250313e-16,2.220446049250313e-16,-6.509943236486985e-16,4.664942682067777e-16,1.345447706744944e-16,0.02171408012007867,-0.052051389829740766
974,-1.0739834160050176e-15,-1.105509057799592e-15,-1.105509057799594e-15,-9.571003754102264e-16,4.274978212909131e-16,-1.2761760491729579e-30,2.220446049250313e-16,0.0,0.0,-6.820414146071895e-16,3.6204855281057725e-16,0.0,0.019114030103117328,-0.05175361438292982
975,3.7369035752317397e-16,-1.0696317519114935e-15,-1.0696317519114943e-15,-7.237008711672894e-16,6.135942228686136e-16,-1.5094628582233561e-30,2.220446049250313e-16,0.0,0.0,-6.72030684157805e-16,4.730922641695483e-16,0.0,0.028263379002327435,-0.044278216437935176
976,3.5761130362628415e-16,-1.594092376958689e-15,1.038340582543074e-16,-5.558672791404503e-16,1.0257784052827167e-15,5.541789161949213e-16,2.220446049250313e-16,-3.3306690738754696e-16,2.220446049250313e-16,-5.663695006614758e-16,3.3770422060352965e-16,1.8769918721887701e-16,0.029396176030168492,-0.0429337324140045
977,2.8854529143547345e-15,3.18718276375607e-16,3.1871827637560415e-16,-1.4178326280119687e-15,6.98203379292825e-16,-1.809964469699283e-30,2.220446049250313e-16,0.0,0.0,-6.648986609485527e-16,3.1086020604991214e-16,0.0,0.0038533057003470703,-0.054790821785373124
978,-1.0093297561896727e-15,4.1672707314536445e-16,-2.3241478002620246e-15,-1.22287218835493e-15,1.863654940495406e-15,2.4207410250278213e-15,-6.661338147750939e-16,1.1102230246251565e-15,-3.3306690738754696e-16,-1.5317748170659098e-16,5.070730875262326e-16,3.619762616313764e-16,0.023665145011333436,-0.043261293762093644
979,-1.3976713294153898e-16,-1.0946588145610866e-15,2.7443509933659704e-16,4.47815449435225e-16,-3.4964744734702356e-15,2.1580780842734647e-15,4.440892098500626e-16,-2.220446049250313e-16,1.3322676295501878e-15,6.557391332710776e-16,-1.719550576315433e-15,1.6679814703244706e-15,0.011095619885268576,-0.05958697672028498
980,-1.2306174590875425e-15,-7.290971454461992e-18,-4.657255158095089e-16,6.71029163003898e-16,2.575989336284976e-16,-1.8861133750486308e-16,2.220446049250313e-16,2.220446049250313e-16,-1.1102230246251565e-16,2.6735977401000926e-16,2.6644510891444638e-17,-9.327084027162314e-17,-0.013376878354840315,-0.0643058975905191
981,1.7280487038153104e-15,1.0000840863025702e-15,9.529070391299648e-16,-2.6040568819647756e-16,5.0357130970983527e-17,5.131055852559909e-16,2.220446049250313e-16,-1.1102230246251565e-16,-1.1102230246251565e-16,1.4398242712923077e-16,2.5987608484513605e-17,2.6091229655522963e-16,-0.013149828152477937,-0.06905839522639572
982,-9.163896840156808e-16,2.155380971554981e-16,-1.8095838260984916e-16,6.382106888200155e-16,1.880571194770199e-16,-4.402302292906794e-17,0.0,4.440892098500626e-16,0.0,4.3090536104468523e-16,1.8943730606378432e-19,-3.189276367292148e-17,-0.0008367209899172161,-0.048226858534187914
983,-1.2679327952774451e-15,-2.0910289213864397e-19,-1.127205474490608e-16,5.269639450155993e-16,-7.113427714734223e-17,-6.515613062114242e-17,0.0,2.220446049250313e-16,0.0,3.251180324634269e-16,-8.738548725863381e-17,-3.061991015644349e-17,-0.019279789231992008,-0.05986600301543868
984,-2.223495810146438e-16,-8.719471493105409e-16,4.411982082235705e-17,-5.029982955318589e-16,2.460273975983766e-16,1.5632361795814764e-16,2.220446049250313e-16,-1.1102230246251565e-16,0.0,-3.6279089210834576e-16,3.886951811917692e-16,9.771791686428043e-17,-0.021551949093801648,-0.05427293825825231
985,5.152785861301194e-16,-5.525873832172507e-16,-5.525873832172513e-16,-1.0517185040686794e-15,1.0304554079784659e-15,-2.759077168805643e-30,-3.3306690738754696e-16,0.0,0.0,-7.275166979707414e-16,5.98891306131382e-16,0.0,-0.02613494980491243,-0.07992166742320451
986,3.9691903579298243e-16,3.751688949168831e-16,2.471182144102386e-16,-1.0531576971941174e-15,-2.6765570109075647e-16,3.0939311613354847e-16,2.220446049250313e-16,0.0,0.0,-4.740824228134859e-16,-8.719254728420508e-17,1.0630686276879354e-16,-0.01970485867712989,-0.06712541195932742
987,9.898552111576863e-16,-7.417547095418162e-16,2.2819913280347977e-16,-4.561576254676167e-16,2.3547834815686745e-16,4.724704396470507e-16,4.440892098500626e-16,-3.3306690738754696e-16,0.0,-2.464473020703167e-16,1.021892340618027e-16,1.97023022317766e-16,0.04603105161935889,-0.10945087739699853
988,4.957904547378252e-16,2.0051149303263808e-16,1.087550195295304e-16,-7.877652095878989e-16,1.2912119863543535e-16,1.8274301216750061e-16,-1.1102230246251565e-16,-1.1102230246251565e-16,0.0,-2.830108599538043e-16,1.308477073104115e-16,2.7257079576854715e-17,0.0025565145771287616,-0.10106745019635581
989,5.334219323455905e-16,4.967197681391979e-16,2.479697744715151e-17,-6.190794866252597e-16,1.095177250659088e-16,2.5288643137440086e-16,0.0,-1.1102230246251565e-16,-1.1102230246251565e-16,-2.268427835989343e-16,1.0028537484564664e-16,6.980690258922008e-17,0.1273716280153404,-0.09323457893911337
990,3.2577037036748957e-15,4.537483300692103e-16,1.3721404754763404e-15,-2.5525553602453656e-15,3.000729729759533e-15,-3.0027121033033257e-15,1.1102230246251565e-15,0.0,4.440892098500626e-16,-1.2028339788806542e-15,1.639677925325557e-15,-1.498620876315034e-15,0.028869284102409715,-0.08473014119225801
991,1.4841075439101167e-15,-1.5976070497176557e-15,5.162602267253281e-17,-2.7737709416266775e-16,1.1068620661426787e-15,1.9594027809875414e-17,8.881784197001252e-16,-6.661338147750939e-16,-1.1102230246251565e-16,-3.6270680613587176e-16,4.791821667050145e-16,-4.189856378968748e-17,0.001250715099303427,-0.11922911119538374
992,3.025468502530149e-15,1.7194181134034906e-16,2.278563699305255e-17,2.0420248627497853e-16,1.3214451712028301e-15,2.9558228474838847e-16,8.881784197001252e-16,0.0,-2.220446049250313e-16,-1.2308246486214944e-16,6.414852004540434e-16,7.488426528195187e-17,0.010661599824380174,-0.07964171450229157
993,9.546425185663605e-16,3.270502511706596e-15,-3.5656393880560656e-16,-1.2524742273714642e-15,1.5709785154089743e-15,2.1432893454948584e-16,0.0,6.661338147750939e-16,-4.440892098500626e-16,-3.521675010013326e-16,6.998708563613651e-16,2.0021981196565798e-16,-0.04126093621874768,-0.03897334291115319
994,7.579220227549458e-16,7.397081743737226e-17,4.931241512040922e-16,-1.3111048055898283e-16,5.610537608432954e-17,5.577913873620707e-16,4.440892098500626e-16,0.0,4.440892098500626e-16,-1.9926249107720932e-17,5.723524799456864e-17,3.052271790622543e-16,-0.0412609362187477,-0.0389733429111532
995,-2.5405890366598674e-16,5.666196276422501e-16,-4.166719762433652e-16,-6.130802025658849e-17,-3.4234555999549343e-16,-2.242578709748834e-16,0.0,4.440892098500626e-16,-1.1102230246251565e-16,9.123677096011208e-18,-2.1040350503084765e-16,-1.5517864906387334e-16,-0.03281181735265125,-0.039446923002393705
996,1.0322496260566015e-17,-1.994023235544065e-17,4.822835674681499e-17,-5.636308671935029e-17,-2.5956610678453516e-16,-4.051003492314862e-16,0.0,0.0,0.0,2.297728747499738e-17,-1.387143384083211e-16,-2.0054531830166821e-16,-0.0412609362187477,-0.0389733429111532
997,3.428179454617186e-16,5.83569223084635e-16,-6.822476123290385e-17,2.3141941326480034e-17,-1.1671374290057148e-16,-9.867831853003997e-17,2.220446049250313e-16,2.220446049250313e-16,-1.1102230246251565e-16,-1.2272791174333277e-17,-2.0172868861098915e-17,-6.922546969571014e-17,-0.012224255274394368,-0.040600872861776445
998,-5.164988072217908e-14,4.1765551274022434e-15,8.415399458853081e-16,1.629833973856928e-14,-2.4095797993467107e-14,4.284679145852519e-15,-2.220446049250313e-16,-1.2212453270876722e-15,6.439293542825908e-15,-7.64349910188003e-15,2.640009478415315e-15,-2.391431346578353e-15,-0.003239552087834441,-0.04110447289656037
999,1.9482167670890998e-14,-3.477177601175039e-14,-1.618635697780574e-14,-2.2390143628233643e-14,9.125341454460998e-16,-6.367843078500251e-14,1.3100631690576847e-14,3.552713678800501e-15,-2.964295475749168e-14,4.570574291586188e-15,-9.369755857835847e-16,9.990169594233245e-15,0.0027469589615536478,-0.04144002178561172
1000,2.3670900174578736e-15,-7.598187684809316e-16,1.1828192117955434e-15,-7.163837194716193e-16,1.6089115520270182e-15,-5.770527455661118e-17,4.440892098500626e-16,-6.661338147750939e-16,2.220446049250313e-16,-3.984175647844676e-16,6.9488515782622e-16,-1.2901586489682146e-16,0.029396176030168506,-0.04293373241400451
1001,6.326006278794443e-16,-1.2081769693174835e-15,4.288209788601988e-16,8.710467080708642e-16,9.60831167247749e-16,-1.2598439861954355e-15,-1.1102230246251565e-16,-4.440892098500626e-16,-2.220446049250313e-16,1.9187207719146533e-16,3.7160970212306864e-16,-6.311306520872427e-16,-0.04126093621874769,-0.038973342911153196
1002,-1.0254671927276201e-16,-5.783433887366811e-16,-7.006430185399499e-16,-5.132840780484396e-16,1.0471039129751527e-15,3.607053592774294e-17,2.220446049250313e-16,2.220446049250313e-16,0.0,-5.386131608434363e-16,3.8524868061938646e-16,1.1811033037568288e-16,0.0,0.0
1003,8.983370707348848e-17,-2.5771900998626456e-16,-1.683155727805925e-16,-1.0316456873295777e-15,4.2322848153000594e-16,1.642317685781238e-16,-2.220446049250313e-16,0.0,0.0,-4.0623278240981943e-16,3.677688930872094e-16,1.8584981592007947e-17,-0.0412609362187477,-0.03897334291115321
1004,7.114368339722586e-15,2.236872198262439e-15,5.427697674868141e-15,-2.7813006494052197e-15,-5.936669443579337e-16,-1.7798133263726544e-16,1.1102230246251565e-15,6.661338147750939e-16,4.440892098500626e-16,-1.1533358018333507e-15,-1.0511356831143143e-15,5.680119761399606e-17,0.0,0.0
1005,1.0379750108824972e-15,3.8258605581219496e-16,-1.3217387257563426e-14,-2.369524458948665e-15,-1.3378735594278719e-15,1.9911338623663486e-15,1.5543122344752192e-15,-2.7755575615628914e-15,-3.552713678800501e-15,5.248135824723713e-16,6.676881537382375e-16,-1.8952186886561888e-15,-0.07881531964477269,0.026233288413962254
1006,-1.9222747396763527e-16,6.679183320948587e-16,-3.1268062376233253e-16,5.278782988895421e-16,1.0836461063068641e-16,-3.7074203639534497e-16,-1.1102230246251565e-16,2.220446049250313e-16,-3.3306690738754696e-16,3.0676590332976127e-16,2.5052618539258784e-17,-1.570544517531231e-16,-0.1972932368716507,0.23194951017003082
1007,1.4168158871608154e-14,-6.037900176569755e-15,7.98075857939249e-15,-5.627388377681222e-15,4.584989028420549e-15,5.20605892656689e-16,6.661338147750939e-15,-3.4416913763379853e-15,4.884981308350689e-15,-2.8136941888406275e-15,2.991537665148269e-15,-3.0040164839896815e-16,-0.04126093621874771,-0.0389733429111532
1008,-8.62431695969807e-16,4.1998285283194276e-16,-6.333912130637045e-16,9.541051209741881e-16,-1.1909556241406474e-16,6.00484089873624e-16,-3.3306690738754696e-16,2.220446049250313e-16,-2.220446049250313e-16,4.69668272925814e-16,-5.5289875286404794e-17,3.177395536326244e-16,0.005175711861813152,-0.04157615539177045
1009,1.2314809748398818e-15,-1.7152741575806917e-16,-1.2995608874987358e-15,-2.211396950942397e-15,-6.541053650189472e-16,-1.7309975059826915e-15,2.220446049250313e-16,-3.3306690738754696e-16,-6.661338147750939e-16,-1.2508574736366668e-15,-1.7379628988910983e-16,-9.280696063899818e-16,0.02643118018859505,-0.04276754194805966
1010,-4.599396644946967e-16,-4.0672659072909154e-15,-7.454975646707285e-16,-1.145671720125015e-15,1.1463971832277184e-15,2.4721647684252777e-15,-5.551115123125783e-16,4.884981308350689e-15,-1.3322676295501878e-15,-1.5452115570510713e-15,9.4195980212436e-16,2.1629520011622207e-15,0.029396176030168496,-0.042933732414004486
1011,1.122912951451895e-15,1.2329629151567182e-15,-1.9487290455062998e-15,-1.7082501990305018e-15,-2.210125036717486e-15,3.307671509829074e-15,1.9984014443252818e-15,1.7763568394002505e-15,6.661338147750939e-16,-1.1706127516785227e-15,-1.6621381035997663e-15,2.319033286055406e-15,0.029396176030168496,-0.04293373241400449
1012,-2.6189669801780465e-15,-4.646595657222834e-16,-8.641122001393048e-15,-9.412691066462258e-15,-1.1892225093932577e-15,-3.3076048483948367e-15,-4.884981308350689e-15,-3.1086244689504383e-15,4.440892098500626e-16,5.756363102683392e-15,-4.366741242220849e-15,1.0996647555943187e-15,0.029396176030168496,-0.0429337324140045
1013,-3.0229704673081055e-15,-1.6060590710693375e-15,-9.926716945806243e-15,-3.0768722349545847e-15,-2.5238206151003383e-15,3.173831622869673e-15,3.3306690738754696e-15,5.995204332975845e-15,-6.661338147750939e-16,-6.425898924504107e-16,1.2045490975900242e-16,-2.5496124322080576e-17,0.0293961760301685,-0.042933732414004507
1014,-7.27838929366451e-15,-5.322455314200173e-15,-2.0603208951285845e-15,-4.1669853813425335e-15,-1.9228806424035666e-15,2.408796636243341e-15,-2.220446049250313e-16,2.6645352591003757e-15,4.218847493575595e-15,-1.4440968686883147e-15,-4.886253460106774e-16,-2.30671056143125e-16,-0.1410263107723145,0.13425181495466076
1015,-5.682228106218098e-15,-5.532809356960482e-16,-9.349990441207952e-16,1.0235459209300506e-15,-2.109814805376607e-15,1.3192864943456876e-15,4.440892098500626e-16,1.9984014443252818e-15,1.7763568394002505e-15,1.2666784137493482e-15,1.4287380490416296e-17,-1.206280189462043e-15,-0.0412609362187477,-0.03897334291115321
1016,-9.110170691558109e-16,2.932512197970979e-15,1.1467656605705904e-16,2.3031494324647845e-15,1.1612306147247266e-15,2.721899318299926e-15,2.220446049250313e-16,1.5543122344752192e-15,2.220446049250313e-16,1.2505361558066019e-15,5.863402891327246e-16,1.343717233278286e-15,-0.04126093621874769,-0.0389733429111532
1017,2.766509420465094e-16,1.7080965601184594e-15,2.060873353229337e-15,3.375713928954436e-16,1.5152719679264211e-16,1.3057058160692606e-15,-2.220446049250313e-16,2.220446049250313e-16,2.220446049250313e-16,3.7888117473480916e-16,1.7693304134303174e-16,6.060957569396058e-16,0.0,0.0
1018,-1.22036988713212e-15,2.478830396369363e-16,-6.302198051876229e-16,5.231272328042037e-16,1.2904959987595667e-16,6.503193735398396e-16,-2.220446049250313e-16,2.220446049250313e-16,0.0,3.216979220551272e-16,7.185514000006995e-17,3.7131063746934693e-16,-0.2652772686589653,-0.0463624753857063
1019,-1.078241401686228e-15,1.1646834604348903e-15,-3.6757592063947175e-16,1.4393716296339031e-15,9.096358449309378e-17,-6.154991646279271e-16,-4.440892098500626e-16,4.440892098500626e-16,-3.3306690738754696e-16,7.433215734909014e-16,8.339673263212918e-18,-3.194166481877442e-16,0.0293961760301685,-0.0429337324140045
1020,-4.493892271028419e-15,-1.1994109565794003e-14,2.6442204550193603e-15,-5.938552931979716e-15,3.448781312208055e-15,-3.2579690350584914e-15,-6.772360450213455e-15,6.661338147750939e-16,1.1102230246251565e-15,-7.918175542018022e-17,-3.0550904640084705e-16,4.61672963295745e-16,-0.005451534098291179,-0.04557243258051654
1021,-5.9948282535108365e-15,-8.429186298426655e-15,4.0150648805409095e-16,5.191940178929304e-15,1.9839664623398222e-15,2.118631795801445e-15,-3.3306690738754696e-15,-1.6653345369377348e-15,1.9984014443252818e-15,3.6254057874801525e-15,-1.7935432350837807e-16,1.013881813997612e-15,0.05613638146396534,-0.10797771296337447
1022,-1.6699553410420995e-16,8.507155231925085e-16,1.6640197691490203e-16,5.774247306267074e-16,8.943057666271015e-17,2.959675222146953e-18,-1.1102230246251565e-16,2.220446049250313e-16,2.220446049250313e-16,5.3900839208177866e-17,-7.916907648326244e-17,7.02124590888259e-17,0.1823482450278879,-0.0814807195393378
1023,1.3425559279301093e-15,1.1196601790209995e-15,2.4259693582816466e-16,-4.638070803033214e-16,-2.8924023874070667e-16,1.5956240510929114e-16,2.220446049250313e-16,0.0,-2.220446049250313e-16,-1.3150799361945765e-16,-1.266287929229269e-16,3.84365759891334e-17,-0.029311175849672813,-0.1106503464113268
1024,3.074016143791615e-16,4.563108276562034e-16,-6.145679286409287e-16,1.2325266159891584e-16,-2.388095413503681e-16,1.9744608186914e-16,0.0,2.220446049250313e-16,-3.3306690738754696e-16,1.3519562179064887e-17,-1.2634219535155803e-16,6.53272712237504e-17,0.14254609305758395,-0.08518371208228885
1025,9.145226786385095e-16,6.270000485022403e-16,1.3296659172185066e-16,-1.7763412336953836e-16,4.132648520245014e-17,6.552984967986692e-17,2.220446049250313e-16,-1.1102230246251565e-16,-2.220446049250313e-16,-1.2490684695204424e-16,5.832100414887768e-17,2.761951559344498e-17,0.07113095754647979,-0.09548398636189236
1026,7.3487349817175185e-16,5.859074125709327e-16,1.6274680674818855e-16,-3.964885618612128e-16,-1.6625505298370663e-17,1.610214294737997e-16,0.0,-1.1102230246251565e-16,-2.220446049250313e-16,-2.167592058731313e-16,1.3059443153436573e-18,2.6520030781770246e-17,-0.005907097897672847,-0.04495151733992078
1027,9.42218092947371e-16,-6.819136660246552e-17,2.3907408540969997e-15,-2.861916993611194e-16,1.2546934393154484e-16,4.2552226537580327e-16,-1.1102230246251565e-16,-5.551115123125783e-16,6.661338147750939e-16,-1.081465044738569e-16,7.168943490871387e-17,1.3117487715520308e-16,0.028004783571420208,-0.04301325848671477
1028,2.3487067021748178e-15,4.379587141209762e-15,1.192610886418649e-15,-8.451166133710749e-16,1.4473367138106368e-16,-1.3958584676840186e-15,-2.220446049250313e-16,8.881784197001252e-16,-9.992007221626409e-16,-5.851493743441807e-16,-3.973197793913706e-17,-6.315326664567149e-16,0.02644250331626456,-0.04310255177875767
1029,3.436789065100337e-15,4.174027673612122e-15,3.184357794994474e-15,-2.8432580401168933e-15,-2.5410452668770928e-15,3.203011667267972e-15,1.7763568394002505e-15,-3.3306690738754696e-16,1.3322676295501878e-15,-2.007099558813787e-15,-2.304946907502195e-15,2.342922076459786e-15,0.029396176030168496,-0.04293373241400449
1030,2.620341877221428e-16,1.0036351486997412e-15,4.074737719041754e-15,1.6763123156012021e-15,-1.774046503155465e-16,-1.1767203091024718e-15,-1.7763568394002505e-15,-8.881784197001252e-16,0.0,4.576462836746812e-16,1.0950351213371029e-15,-2.0394826039166804e-16,-0.15398334572855077,-0.08049927878949827
1031,-4.799768225684342e-15,-2.300259802869393e-15,-6.004502306250904e-16,6.6257268999133565e-15,-9.380720472696565e-16,2.4826824505907388e-15,-2.4424906541753444e-15,1.3322676295501878e-15,2.220446049250313e-16,1.2100555693483642e-15,-5.584280635898372e-16,1.4589929884996105e-15,-0.21383045177861315,-0.1647627950689765
1032,9.226422709377419e-14,-4.531766575988958e-15,1.5366357663706448e-14,-3.366413165826636e-14,-2.270874381443228e-14,1.4045653886515641e-14,5.10702591327572e-15,-4.440892098500626e-15,6.661338147750939e-16,-1.002911210884999e-14,6.755415812214373e-15,2.485904433594342e-15,-0.19685256823587707,-0.1337438792622401
1033,-1.2559128219244875e-15,-3.4103518688664333e-15,1.1229381643799254e-14,-4.07699495550689e-15,1.018592867597722e-15,-4.647844565733987e-15,1.5543122344752192e-15,-2.3314683517128287e-15,3.3306690738754696e-15,-6.005313198170394e-16,1.9956089047442693e-15,-5.390472025844893e-16,-0.11356403861327118,-0.12368926969478967
1034,6.4624508304620545e-15,-2.5083843114713186e-15,-1.1776216137740563e-14,4.11985130429888e-15,-1.4934509952675943e-16,1.6001158557590286e-14,1.9984014443252818e-15,0.0,-4.440892098500626e-15,4.86231880250629e-15,-3.599124765909504e-15,3.196760889500011e-15,-0.14406564442115768,-0.06452291514630142
1035,3.950504561244339e-14,1.1303253045946193e-14,-1.1174090355968738e-14,-6.3855437975821564e-15,-1.2901973744851173e-14,6.5447425618264105e-15,2.6423307986078726e-14,4.440892098500626e-15,-2.220446049250313e-16,5.6154633296527925e-15,2.662227520195611e-15,1.929773622244381e-15,0.0,0.0
1036,-1.3982659912561958e-15,1.6243851250033503e-15,1.0662095039074213e-15,-2.0049766302205863e-15,-1.2122370587441306e-15,5.462726479410521e-16,-3.3306690738754696e-16,6.661338147750939e-16,6.661338147750939e-16,-1.1246079166622977e-15,-5.985672276546146e-16,1.0119266152380232e-16,-0.054314115325309574,-0.07796986998925162
1037,8.606101956578545e-16,-3.580281902842769e-15,4.249636305392756e-16,-3.6341074601566037e-16,3.132517499858826e-17,2.7371109691899114e-16,4.440892098500626e-16,-1.7763568394002505e-15,2.220446049250313e-16,-1.8170537300783191e-16,-1.4654399866536536e-16,1.746541074320775e-16,-0.05203134972492395,-0.07234900094522093
1038,1.3539647348230211e-14,7.196836434583297e-16,-7.267910477924012e-16,-2.3298905479202786e-15,-2.4230214525040715e-15,1.0274193501751906e-16,1.1102230246251565e-15,-4.440892098500626e-16,-1.3322676295501878e-15,3.51430028879105e-16,1.330490668752128e-15,-4.947275403932331e-16,-0.02790077974828896,-0.08664417989394149
1039,1.3432809981601206e-15,-4.838519387211161e-16,-1.8418219955679823e-15,2.3841723433932775e-16,1.322967395675572e-15,-1.4516127627775854e-17,6.661338147750939e-16,-7.771561172376096e-16,-1.1102230246251565e-15,2.016475521103055e-16,-1.4765682041613497e-16,2.269942182182975e-17,-0.05537373082312512,-0.09426688085444171
1040,2.7830685563804627e-15,-4.2610765470177194e-16,-1.4301241958316098e-15,-1.524171361883924e-15,-3.400287142151664e-16,-4.171497118827361e-16,1.7763568394002505e-15,2.220446049250313e-16,-4.440892098500626e-16,-6.929506102989232e-16,5.97534640411534e-17,-2.2895757542264753e-16,-0.05757731111917515,-0.09875110622737779
1041,2.1804745533553947e-15,9.577222370994122e-16,-2.875823657467079e-16,-2.6998698806901182e-15,1.0618225509044141e-15,5.1881770270268345e-16,2.4424906541753444e-15,-6.661338147750939e-16,-9.992007221626409e-16,-1.0345567771391845e-15,8.667759315670763e-16,-1.6349163155384666e-17,-0.1972932368716507,0.2319495101700308
1042,2.3279441192566948e-15,2.0813451271886392e-15,-2.598639967170363e-15,-2.614172352556863e-15,7.682369237639228e-16,2.551001027033152e-15,3.774758283725532e-15,-5.551115123125783e-16,-1.2212453270876722e-15,-1.0358487700564472e-15,-1.98067966366306e-15,1.0517166757810388e-15,0.0,0.0
1043,-7.728476764962297e-15,-8.06843814287794e-16,-7.163177019189359e-16,-3.856550081766124e-15,1.4527218959833959e-15,-1.798077627825819e-15,-2.3314683517128287e-15,8.881784197001252e-16,6.661338147750939e-16,-7.208986853308518e-16,-2.8764295846911896e-16,-1.5915659891294848e-15,0.0,0.0
1044,2.777802344425866e-15,-3.659951171992848e-15,7.152568864979933e-15,4.837076398904214e-16,1.0578574300921454e-16,3.841320439018026e-15,6.661338147750939e-16,-3.4416913763379853e-15,0.0,1.3446456728074556e-15,5.471365383708911e-16,-2.8232552030606404e-16,0.0,0.0
1045,1.8183050050909287e-15,-1.1893619841699742e-16,-1.7901751152067552e-15,9.247452914588781e-18,-9.646013506975277e-16,1.1944651596308817e-15,4.440892098500626e-16,-4.440892098500626e-16,-2.220446049250313e-16,1.3204404675262848e-16,-8.85637031828446e-16,4.554147444937678e-16,0.0,0.0
1046,-6.308966819359098e-15,-2.3120552411898775e-17,2.9154404918304316e-15,-4.3383209613283515e-15,2.5857435992455766e-16,3.037938408518638e-15,-1.7763568394002505e-15,4.218847493575595e-15,2.4424906541753444e-15,7.488508231764477e-16,-3.743802120790524e-16,1.400250855822058e-16,-0.024983256162095253,-0.047366263147140895
1047,2.604103192209788e-16,1.8957875657864107e-15,-1.8183373010278136e-15,8.822819950004997e-16,5.896333340948746e-16,-7.905476836003671e-16,-6.661338147750939e-16,1.1102230246251565e-15,-4.440892098500626e-16,-8.742488744782695e-17,8.740692758251204e-16,-5.914693124020683e-16,-0.023701653271587096,-0.04994592582670489
1048,1.2497782460412606e-16,7.440777100464137e-15,7.250778839873056e-15,-5.74753297346469e-15,6.350359001756558e-15,-7.303565589967951e-15,4.440892098500626e-16,-1.6653345369377348e-15,2.6645352591003757e-15,-1.9695045513591175e-15,3.249069755313004e-15,-8.04469282868936e-17,-0.02054266089840448,-0.050559744160497064
1049,-4.724870564423916e-16,-1.4741665444245331e-15,-1.5645133783514955e-15,1.1052140029985435e-15,-1.3742175582129855e-16,-9.859726867063557e-16,0.0,0.0,0.0,-7.865891946662004e-16,6.531786243204061e-16,0.0,-0.029420007881657207,-0.029875682764621433
1050,8.019257922518809e-17,-9.600359529090994e-16,-1.478330933211692e-15,5.76479488376667e-16,6.885261473052316e-16,-8.2348753170193205e-16,2.220446049250313e-16,0.0,0.0,-7.13960427194627e-16,4.761912355979076e-16,0.0,-0.03383471953435544,-0.04921230271422659
1051,6.18393849231665e-16,-3.1594731260844405e-16,2.421879443923703e-16,-2.045645673836571e-16,1.5217260413128696e-16,8.462486508660689e-16,2.220446049250313e-16,-1.1102230246251565e-16,-2.220446049250313e-16,-1.8395687077479804e-16,6.796670614319633e-17,3.0040346485095847e-16,-0.024452742228575176,-0.0546692578455439
1052,3.0168697016586725e-15,-1.8540806367411732e-15,2.884879369467666e-16,6.805954354521868e-16,-1.7991796430046008e-16,5.24969609253481e-16,1.3322676295501878e-15,-8.881784197001252e-16,0.0,2.2033414472875061e-16,-9.989538692202996e-18,2.5457542874857997e-17,-0.03022719675843381,-0.037967542827317985
1053,-1.509918861840449e-14,-2.7959748258810803e-16,2.984799929045859e-15,6.317059297622046e-15,-1.7459629162344308e-15,-3.527042003759366e-16,-5.218048215738236e-15,-3.3306690738754696e-16,6.661338147750939e-16,2.4001702312009797e-15,-5.82826530717488e-16,6.41105423641346e-17,-0.025623080284045998,-0.0460783990036489
1054,1.6283497695356786e-14,-2.271395563295589e-17,-8.716148299969932e-16,-4.191463151118997e-15,1.0947393198785892e-15,-1.5885843524680457e-15,3.1086244689504383e-15,1.1102230246251565e-15,-6.661338147750939e-16,-3.1960008649716705e-15,-4.188997018597241e-15,-2.2872794883317608e-15,-0.02254168250566139,-0.05228076239457291
1055,2.2162734065156868e-15,-1.5448640036560491e-15,5.553874735884826e-15,1.5385192296602076e-15,2.509773835324822e-15,-3.679797567341014e-15,-6.661338147750939e-16,-1.3322676295501878e-15,-6.661338147750939e-16,8.55179568634553e-16,8.774805965920287e-16,-3.6208580467551546e-15,-0.0048488114897105705,-0.06871849971623809
1056,1.667391683844656e-15,-2.6160535516187474e-15,8.752502048608268e-15,-1.5615831326854847e-15,7.806053470084825e-15,2.93733508388425e-16,3.774758283725532e-15,-5.995204332975845e-15,-2.6645352591003757e-15,-5.0517747937427375e-15,-9.392465564046081e-16,-6.251377912571812e-15,-0.04506529979420789,-0.04802958246858509
1057,6.36713600910576e-15,3.168417967903157e-15,-6.100311469103237e-16,-1.0492326009621111e-15,-4.025238253415751e-16,1.0882548301541466e-15,2.220446049250313e-16,-8.881784197001252e-16,-2.55351295663786e-15,-4.2830809716700007e-16,-1.9701224465289865e-16,6.297995402114402e-16,-0.03448874457447493,-0.07734029719923324
1058,4.961674141222935e-15,5.3515075199967465e-15,-7.0659626319442586e-15,-3.89255242180311e-15,-1.1017715859309303e-15,3.036661662012899e-15,2.6645352591003757e-15,4.440892098500626e-15,-4.3298697960381105e-15,-2.4669496661105277e-15,-7.506824011918875e-16,2.392871322978309e-15,-0.1972932368716507,0.2319495101700308
1059,3.4669549419440936e-15,3.035155661876074e-15,3.4626494364026938e-15,-1.1549692726264365e-15,-1.2540908754222057e-15,2.054200135482291e-15,-2.220446049250313e-16,-1.1102230246251565e-16,0.0,-3.999864654461728e-16,-5.461658527468339e-16,9.234066844138678e-16,-0.0598774154231674,0.0400122642299269
1060,5.871852610556999e-15,5.48856106454162e-15,4.5259789817808405e-15,-7.283482168532155e-16,-2.302658885015525e-15,3.878289271680405e-15,-2.220446049250313e-16,1.5543122344752192e-15,-5.551115123125783e-16,-1.8375730340077825e-16,-1.0511542641817739e-15,2.096796853192787e-15,-0.05987741542316739,0.0400122642299269
1061,-2.9085742856571384e-16,1.486884880213888e-16,1.7938888565979993e-16,-5.02523822201642e-17,-1.0507015183948895e-16,2.7991475555284307e-16,0.0,2.220446049250313e-16,2.220446049250313e-16,2.036808847724099e-17,-8.614861827572401e-17,1.3539989388509106e-16,-0.05987741542316741,0.04001226422992691
1062,6.175723530601041e-16,3.690251393409032e-16,9.593537926679128e-17,-2.594259498446847e-16,-1.5709050244666128e-16,1.8491160630707218e-17,2.220446049250313e-16,0.0,-1.1102230246251565e-16,-1.4467661492432572e-16,-5.941471972774401e-17,1.7600560706522688e-17,0.0293961760301685,-0.042933732414004507
1063,-1.4550536278374483e-14,1.1945725411129977e-14,-1.8510417834758154e-14,1.8858494039397163e-15,1.473383282258783e-14,-9.86261109948127e-15,-1.176836406102666e-14,-2.220446049250313e-16,9.992007221626409e-15,4.0703860396091504e-16,6.138875590576247e-15,-2.368033336242845e-15,0.0293961760301685,-0.0429337324140045
1064,1.9876637608052776e-14,1.1571312863242383e-14,-1.1857928917139961e-14,-1.4299851800267722e-15,-9.210946743707461e-15,-8.031151359715497e-16,-1.4654943925052066e-14,2.6645352591003757e-15,7.993605777301127e-15,-3.830373261260944e-15,-1.5987230867763202e-15,3.0237312392889848e-15,-0.037801190859071264,0.01950077344307596
1065,1.3033281390482633e-14,2.8192295639309317e-15,6.110998881141384e-14,-1.5683409309884406e-14,-3.9693838005580064e-14,2.1220377420089266e-14,3.9968028886505635e-15,-1.1102230246251565e-15,-1.0436096431476471e-14,-7.841704654941864e-15,-1.2031131802434801e-15,3.429663326107541e-15,-0.05987741542316741,0.04001226422992691
1066,-1.991659861790781e-14,3.742298418595977e-14,1.928708718340373e-14,-1.2149957585329685e-14,2.05238935228364e-14,5.659733918211191e-14,1.5987211554602254e-14,8.215650382226158e-15,-3.863576125695545e-14,1.3251293221718249e-14,6.909754791828299e-15,-8.051777137055529e-15,0.08282270397066248,-0.09026454752492656
1067,1.7532890661687382e-14,1.203687189116109e-14,4.8438591135133906e-14,-3.4521858563183035e-15,2.448607177807064e-14,-8.86657503426186e-29,2.4424906541753444e-15,0.0,0.0,-1.7260929281591216e-15,5.989364196602577e-16,0.0,0.23243714205906169,-0.0717212769653108
1068,5.486694704855734e-15,8.352441894340754e-15,1.3012539417328726e-14,-2.72025240321734e-16,6.79510042003647e-15,5.817303696734954e-15,6.661338147750939e-16,0.0,0.0,-5.907004236621056e-16,-2.500545915787604e-16,0.0,0.23243714205906169,-0.0717212769653108
1069,5.798336116491736e-15,5.645011681956638e-15,1.0335980187654334e-14,-3.300370184248769e-16,2.189997510730727e-15,1.5359277408697745e-15,4.440892098500626e-16,-6.661338147750939e-16,2.220446049250313e-16,-5.24674763230166e-16,1.731579158687387e-16,3.9854031635417924e-17,-0.06444047926924965,-0.11618283080421941
1070,6.386602952924239e-15,6.109204156030435e-15,6.109204156030435e-15,-4.978429044816353e-16,1.263058997992048e-15,-6.571145649411357e-31,1.1102230246251565e-15,0.0,0.0,-2.489214522408161e-16,2.843226708090984e-17,0.0,0.1152349108173068,-0.08927394156522271
1071,-2.414366630397706e-15,-1.9419326849903423e-15,-2.0388107256090893e-15,-1.1338517330400439e-15,1.7273268295195437e-15,-7.327790866419216e-17,0.0,0.0,0.0,-5.961297588102287e-16,8.762936325625476e-16,9.860761315262648e-32,-0.10156297292709732,-0.1217424406630496
1072,-1.08989885696461e-15,-1.108558742236158e-15,-1.540200595335503e-15,-1.7445883486459446e-16,1.1944419421422285e-15,-4.361726108167998e-16,0.0,0.0,0.0,-7.054155929724701e-16,8.788753547308374e-16,-9.860761315262648e-32,0.0,0.0
1073,-1.19096134525763e-15,-4.3318864825619476e-16,-5.578847644848052e-16,-8.833792113369399e-16,5.68960911301048e-16,-1.425039922912977e-17,-1.1102230246251565e-16,2.220446049250313e-16,0.0,-5.048182024583509e-16,4.79243750163297e-16,-3.377230803838307e-17,-0.1015629729270973,-0.12174244066304961
1074,-9.33520001948563e-16,-1.2062225100643873e-15,-1.2430602157173693e-15,-9.531033074168476e-16,1.1107513849046089e-15,-1.3958519605825512e-16,-2.220446049250313e-16,0.0,0.0,-7.737277768348429e-16,8.6522786592216e-16,0.0,0.0,0.0
1075,1.9342212521166277e-15,-2.6967691447900462e-15,1.1947712564590372e-15,-1.2944708059364376e-15,1.919109739649868e-15,-1.07619140183616e-15,1.3322676295501878e-15,-1.4432899320127035e-15,4.440892098500626e-16,-7.066547835441748e-16,7.72204158810361e-16,-7.323269333088718e-16,0.0,0.0
1076,-1.4094896458882211e-15,5.596742851853054e-16,-1.0352009860578405e-15,6.909475288744337e-16,-5.620495534390902e-16,3.6432358760845794e-16,0.0,4.440892098500626e-16,-3.3306690738754696e-16,3.5018157791958966e-16,-3.152799436498389e-16,1.7052092219598148e-16,-0.1015629729270973,-0.1217424406630496
1077,-6.281514023449666e-15,-1.6771690244055529e-15,1.967115756978506e-15,5.114269037403493e-15,-1.1919929742226457e-15,7.924376705003283e-15,-6.661338147750939e-16,-4.440892098500626e-16,2.6645352591003757e-15,1.3693891395556604e-16,9.605714738960356e-16,-2.547485843276439e-16,-0.1015629729270973,-0.12174244066304958
1078,1.0462473146662891e-14,1.2708467174985707e-15,2.528818055029691e-15,-8.712725600622078e-15,1.8442449553115536e-15,-2.6210477531446294e-15,5.329070518200751e-15,-2.9976021664879227e-15,2.886579864025407e-15,-2.0756640110528307e-15,1.973652023277418e-15,-5.960281203771981e-16,-0.10156297292709729,-0.12174244066304958
1079,-3.0283999561342286e-15,-1.3088020961060795e-14,9.170416486490078e-16,-7.07919643274248e-15,5.168539205726179e-16,-2.0169956210474856e-15,-3.3306690738754696e-16,-4.440892098500626e-16,1.7763568394002505e-15,-1.7420094716366864e-15,-7.142225909449384e-16,1.1136936477282657e-15,0.03613493512426925,-0.09888939860958312
1080,4.0184616873000554e-16,-1.3745106706702425e-15,-6.360587305836761e-16,3.0303066016048724e-16,-4.37514613832444e-16,2.807733452488185e-16,4.440892098500626e-16,-3.3306690738754696e-16,4.440892098500626e-16,1.5151533008024273e-16,5.025023008342671e-17,2.0290850856216216e-16,0.017256993220592137,-0.08572556931311244
1081,-7.614630379524086e-16,1.997532697835153e-15,-8.171189433926068e-16,2.3103364604489134e-15,3.6851810135239653e-16,2.232013794810011e-15,4.440892098500626e-16,1.1102230246251565e-15,0.0,1.3374669375681073e-15,2.441678851954663e-16,1.110928928738282e-15,0.04600979685744891,-0.0983158873455802
1082,-5.14561331650547e-16,1.968313266892537e-15,-2.1119222948341394e-15,-2.168106015361483e-15,-7.40791055886652e-16,5.276497338652604e-15,1.1102230246251565e-15,1.5543122344752192e-15,4.440892098500626e-16,-9.379914994433387e-16,-7.295957805108137e-16,2.248784736792185e-15,-0.10156297292709732,-0.1217424406630496
1083,4.645658832052622e-18,-3.397165506870235e-16,3.743517665574005e-16,-2.242176425197627e-15,-8.11432939837424e-16,-1.7448342541989072e-15,1.1102230246251565e-15,2.220446049250313e-16,8.881784197001252e-16,-1.1662576913176406e-15,-8.272996132075914e-17,-1.3396956889126918e-15,0.0030829734123997924,-0.07059217707184735
1084,-2.3439075760413436e-15,-3.926251768459184e-15,2.2098968163251716e-15,4.692494547636652e-15,-2.1882182678281676e-16,-1.7234903321253562e-15,-3.3306690738754696e-16,-2.3314683517128287e-15,6.661338147750939e-16,7.646467580892237e-16,-8.276777701499835e-16,4.088633109581532e-16,-0.10156297292709729,-0.12174244066304957
1085,5.288579883323029e-16,-1.1583359885183977e-15,-4.738486943207359e-16,-1.7950828032948582e-16,-1.1023447265780614e-15,-1.848096183173092e-16,2.220446049250313e-16,-3.3306690738754696e-16,2.220446049250313e-16,-6.841696827518037e-17,-4.991498559105454e-16,-1.025778722835995e-16,-0.1015629729270973,-0.1217424406630496
1086,2.606251275475777e-18,-2.0526949262039135e-15,-2.3661591923259195e-16,-1.175335077180301e-16,-5.422040497262871e-16,-1.3591042008389392e-16,2.220446049250313e-16,-5.551115123125783e-16,2.220446049250313e-16,1.4329200342696988e-16,-2.0724506570239555e-16,-1.8767047498400191e-16,-0.06209523950067571,-0.050850008016266456
1087,-3.136571295187009e-16,3.1246506984840056e-15,-2.0256564656088362e-15,-8.318396204133382e-16,5.944369272188615e-16,3.9301107761504354e-15,-2.220446049250313e-16,-1.5543122344752192e-15,-3.3306690738754696e-16,1.1774982970137655e-15,-7.638634363272852e-16,7.245086080162632e-16,-0.0423973018352724,-0.015468327894491403
1088,3.8987253754718764e-16,6.219286578078496e-16,-2.0294261643558613e-16,-2.2443181044376498e-16,1.665681197412288e-16,8.818417812454977e-16,0.0,-1.1102230246251565e-16,-2.220446049250313e-16,-2.5725678250670527e-16,6.622357063021249e-17,3.669819096166599e-16,-0.04203189051760908,-0.03843714475417641
1089,9.908297135715841e-16,7.433173691980781e-16,4.768333929330682e-16,-7.49329894442225e-16,-1.5708368737569486e-16,2.637574644323081e-16,2.220446049250313e-16,0.0,0.0,-3.3143151047108014e-16,-4.8435148788888787e-17,8.692710428542126e-17,-0.04166494339815746,-0.06818433404510804
1090,-4.0802836366915837e-16,-8.845723350820265e-15,-1.127874676423229e-14,-3.040224255910157e-15,4.071595458999648e-15,1.2263151088942543e-15,4.884981308350689e-15,6.661338147750939e-16,1.9984014443252818e-15,-1.5201121279550919e-15,2.5858502897292187e-15,-2.7919803331464974e-16,-0.03464698775498187,-0.04716300689047837
1091,1.4843204403719221e-16,-2.0097477573132253e-15,-1.3920533851838794e-14,-1.9557783230447354e-16,1.782371940948902e-15,5.6604551586465645e-15,3.1086244689504383e-15,-9.992007221626409e-16,4.440892098500626e-16,1.2139290559918466e-16,1.0659778457251612e-15,2.4449560698315633e-15,-0.03367567253814913,-0.01844077851988283
1092,-7.118187362794174e-15,-1.3124890337442262e-14,-4.299535955487415e-15,1.942060961105056e-15,6.277051588777159e-15,-5.660526171676666e-15,-7.771561172376096e-16,8.881784197001252e-16,3.552713678800501e-15,-3.4804035926202288e-15,-1.0074678485193674e-15,1.448594631822035e-15,-0.02842282149226495,-0.0279081047826133
1093,-3.488353399120787e-15,-8.595379312396507e-15,-6.289898924638265e-16,7.818159591722089e-16,2.063432423721607e-15,2.1602179816381215e-15,6.661338147750939e-16,-1.887379141862766e-15,1.7763568394002505e-15,3.90907979586105e-16,5.404065923866612e-16,1.9604963057816398e-15,-0.0023483927137815303,-0.03968336411642032
1094,5.175311453069013e-16,2.599404958424847e-15,1.893620548191415e-15,-5.165794952627634e-16,9.399788641194923e-16,1.1041864404127083e-15,-6.661338147750939e-16,0.0,-1.1102230246251565e-16,-3.7098374753907093e-16,1.8582493527655514e-16,6.151404909838053e-16,-0.01399538439903416,-0.03427730035645671
1095,7.979988234721483e-16,2.828955693117971e-16,3.222206427402231e-15,3.04215526870169e-15,-1.6642373087226992e-15,3.2709678426259606e-15,-5.551115123125783e-16,-1.3322676295501878e-15,2.220446049250313e-16,1.8478148725521795e-15,-3.3966758612803416e-16,1.7978694276905855e-15,-0.0423973018352724,-0.015468327894491402
1096,-1.582809071751191e-15,-2.4747071400527985e-15,8.524752070626165e-16,8.467807267337952e-16,5.325792635052685e-16,-8.447857054746744e-16,-2.220446049250313e-16,-8.881784197001252e-16,1.1102230246251565e-15,1.8766613112703868e-16,3.014725947241644e-17,-7.272171584080356e-16,0.0,0.0
1097,-8.884388834095224e-16,-9.719539751185085e-15,-2.0125904364496342e-15,-4.872957943283084e-15,-1.6821476122648372e-15,4.802818637466577e-15,-9.992007221626409e-16,2.4424906541753444e-15,6.661338147750939e-16,4.3406355783571967e-16,-5.111404369127361e-16,1.4492172679234972e-15,0.0,0.0
1098,1.4684761367882286e-15,5.343429509888523e-15,-1.0701722231955293e-14,-1.1805319857066462e-14,-9.96273549876188e-16,-2.309741621395496e-15,-9.325873406851315e-15,-7.438494264988549e-15,-4.440892098500626e-16,9.120895870627093e-15,3.483110208445905e-17,-1.528084565253164e-15,-0.19729323687165068,0.2319495101700308
1099,3.4253650641733874e-15,3.094035623702091e-15,4.7037390020560496e-15,3.2540917367018385e-15,4.432340374197641e-15,8.169647179852959e-16,0.0,-4.440892098500626e-16,1.5543122344752192e-15,2.065761187542019e-15,2.079560597078315e-15,9.771999315114518e-16,-0.19201144255764516,0.22457209872230757
1100,2.618324517508229e-15,1.0829923207977686e-15,2.96681169076242e-16,1.1364217033974288e-16,-5.015918939464955e-16,4.650274219124038e-16,0.0,-5.551115123125783e-16,-9.992007221626409e-16,3.905577028699528e-17,-1.801859025408184e-16,1.0977137680393852e-16,-0.1972932368716507,0.2319495101700308
1101,1.9885240616298e-15,1.414105759807798e-15,1.6864294066422782e-15,-5.122113992300298e-16,-1.1191791543119742e-15,1.1443718292511166e-15,-2.220446049250313e-16,-5.551115123125783e-16,-3.3306690738754696e-16,-2.6262215746429465e-16,-5.836486210172653e-16,4.646642547250892e-16,-0.16057172533779693,0.1806582853585704
1102,3.873239315245258e-15,3.30933876275721e-15,2.6356636791950286e-15,-2.9176437727593947e-15,-9.766570826820217e-16,7.683011886304358e-16,2.6645352591003757e-15,1.1102230246251565e-15,2.220446049250313e-16,-3.2486663482604736e-15,-1.8580755273507164e-15,2.167052047961811e-15,-0.15410751012321064,0.1625408427482416
1103,-4.2155159624595923e-17,-2.222084279325665e-15,8.608609903475078e-17,1.3200294557492974e-17,-8.51723859820831e-16,9.06336422149926e-16,0.0,-7.771561172376096e-16,4.440892098500626e-16,3.0410130011496673e-16,-2.21548333567789e-16,3.2562663770914585e-16,-0.14347803893492772,0.15678246773766774
1104,-4.379578702654784e-15,-7.780181470458175e-15,-3.063256869346542e-14,5.833732183035616e-15,-1.885605859835535e-15,2.0325898076915453e-14,-6.661338147750939e-15,-2.4424906541753444e-15,3.774758283725532e-15,1.0017366772723675e-15,-4.150002285850845e-15,4.3150213695389094e-15,-0.11610054674431912,0.10948583736478043
1105,-1.209151798556026e-16,-3.733354563275493e-15,-7.881783278203574e-15,-2.8172788157201867e-15,5.190850840783447e-15,3.864215150834572e-15,2.220446049250313e-15,-4.440892098500626e-16,-2.220446049250313e-16,1.941036877669067e-16,-1.982279482439146e-17,5.630132660960421e-16,-0.17902994656463686,0.20183180199519105
1106,1.806553348399707e-15,3.058924664716691e-16,-7.03810967682313e-15,-4.845723313225778e-15,2.809784914082058e-15,3.600146072767932e-15,4.6629367034256575e-15,-1.1102230246251565e-16,-1.2212453270876722e-15,-1.5587731390896272e-15,-1.9696083280915494e-15,1.1993179297655213e-15,-0.06417588400743587,0.03978208954260584
1107,3.139966340729655e-15,-4.097902394741661e-15,-4.870091871436551e-16,6.475647828408288e-15,-3.6176717751189665e-15,5.982279360795663e-15,1.5543122344752192e-15,2.220446049250313e-16,2.886579864025407e-15,2.125781386170306e-15,3.287764158514912e-15,1.85124944383964e-15,-0.17155524624022347,0.18583416543135717
1108,1.861969831569385e-15,6.787821249333734e-15,-4.683384210097543e-15,-2.8093593814528085e-15,4.635861966607593e-15,9.049655367155051e-15,2.6645352591003757e-15,2.886579864025407e-15,-7.771561172376096e-16,2.8457226611029045e-17,-8.923759342524557e-16,3.58178322976748e-15,0.0,0.0
1109,1.5799624197479783e-14,4.80009632085863e-15,4.0652253297288783e-14,-2.141145655902175e-15,2.77438865696355e-14,4.616947338537403e-15,8.881784197001252e-16,-3.3306690738754696e-15,6.217248937900877e-15,-1.6801338063577723e-15,6.937932701303744e-15,2.2204619180664943e-15,0.0,0.0
1110,4.278933525624966e-14,3.669322307540162e-15,-8.128060723221662e-15,-4.360430460403436e-15,7.084468901184509e-15,1.7750988027422109e-15,-9.2148511043888e-15,-1.4432899320127035e-15,-9.2148511043888e-15,-5.790400034312379e-15,-9.22798550311751e-15,1.0309094405568549e-15,0.0,0.0
1111,2.1105578870627877e-14,3.039442109615166e-15,-1.6610537986870883e-14,4.545355788012088e-15,-2.1790748729448726e-15,1.1782350020179895e-15,-5.218048215738236e-15,4.440892098500626e-16,-8.215650382226158e-15,4.359723606256124e-15,-2.359782647003599e-15,3.583769423150323e-16,-0.1423392902449645,0.13593147907727393
1112,-8.955318335516836e-15,2.7148629601525775e-16,-4.1053454302454795e-14,1.7089363229558685e-16,-2.110081782280321e-14,1.9619823783335783e-14,-5.329070518200751e-15,-1.4432899320127035e-15,-3.0531133177191805e-14,1.8215955221115658e-16,-2.136066860100083e-14,1.064273606637168e-14,-0.1424836594382567,0.1427865904399527
1113,7.171904221445812e-15,4.50736896234584e-15,-8.042482553765035e-15,1.5358742550095065e-14,8.303000798338567e-15,-9.680845464275945e-15,2.4424906541753444e-15,1.1102230246251565e-15,-7.993605777301127e-15,7.67937127504766e-15,-7.994712362360719e-16,1.0958944650008091e-15,-0.1078223530137044,0.08230321668326138
1114,2.7597275152839086e-16,-2.0217664619991234e-15,-1.7730519177581603e-14,2.4378336765920157e-15,-4.931096061892945e-15,3.356635989745506e-15,-7.327471962526033e-15,1.1102230246251565e-15,-3.552713678800501e-15,2.9312900434739986e-15,-5.93638015809004e-16,-2.637569812475428e-16,-0.08928979914846899,0.0384372879111246
1115,-1.902602618641451e-15,-6.983162058101121e-16,6.41796536048598e-17,7.377165249722528e-16,5.093095178305132e-17,1.0936269918628944e-15,2.220446049250313e-16,0.0,2.220446049250313e-16,3.8755454666329604e-16,4.0777343823243294e-16,7.894094338568237e-17,-0.13692619444341417,0.13772922264767853
1116,1.009295230634021e-15,-3.2481397293147694e-15,-1.4364740044194298e-15,-6.957512254098242e-16,-2.7082846944015215e-16,-2.9373400242434805e-16,8.881784197001252e-16,-7.771561172376096e-16,6.661338147750939e-16,-3.62747530820096e-16,-9.347823380123762e-17,-4.3675732706808856e-16,-0.1259292920993709,0.11707768108691309
1117,-3.774182100762258e-15,-4.9947311786329674e-17,3.828107134070421e-15,4.851603471950624e-16,-7.282292655054826e-18,-1.0159654257300563e-15,-1.6653345369377348e-15,0.0,1.9984014443252818e-15,2.50960369095815e-16,1.9852732479899544e-16,-5.464989790941314e-16,-0.10742928625486121,0.08920087542070666
1118,-8.102206994414971e-16,-1.09359705475581e-16,2.1788015579894447e-15,3.072933472313868e-15,1.465880825041693e-15,-1.7883614108353866e-15,-3.4416913763379853e-15,2.220446049250313e-16,1.5543122344752192e-15,-2.0203366488445548e-16,1.5702840014060978e-15,3.344329542944056e-16,0.0,0.0
1119,-3.6131578419754603e-16,1.3100398473108287e-15,1.0391960696807893e-15,-1.7556259549301336e-15,3.528128825074821e-15,-3.2135999469031e-16,-2.220446049250313e-16,0.0,0.0,-1.070670417389948e-15,1.766292458888132e-15,0.0,-0.10749670494664994,0.09458059938378388
1120,5.572939718845644e-16,2.759233034046256e-16,9.168675515431518e-16,-1.1212912813960808e-15,7.123277773090105e-16,4.950539372561354e-16,2.220446049250313e-16,-1.1102230246251565e-16,2.220446049250313e-16,-5.565574499174029e-16,5.377477503532021e-16,1.4901444813431139e-16,-0.13000806018541097,0.13029176898621306
1121,-1.9823476314469744e-15,9.525493090256891e-18,-1.6577210296562983e-16,-8.979300445104546e-16,1.4200854162660557e-15,-2.0634274995305584e-16,0.0,0.0,0.0,-7.629478102831046e-16,1.0861264910569874e-15,0.0,-0.06974709163178523,0.039483762138834984
1122,-1.511873686332819e-16,-4.433246662602012e-16,-8.077629496282554e-16,-6.145632660090661e-16,1.2642951552676506e-15,-3.5217779210593606e-16,2.220446049250313e-16,0.0,0.0,-8.113922025266087e-16,6.844183511418245e-16,0.0,-0.06263187886753632,0.03986476803456904
1123,2.1360426088801208e-16,8.039240760355721e-16,8.114520833542848e-16,-1.1295025062403673e-15,1.8060219614657684e-15,-3.408037667738663e-17,-1.1102230246251565e-16,0.0,0.0,-7.979300584492142e-16,8.016713407694133e-16,0.0,-0.06761061061606176,0.03959816656918522
1124,-1.1703005831336859e-15,-1.2158962726667391e-15,-3.1422355808881155e-17,-1.319828176927659e-16,2.8975785823781065e-16,7.759508597244018e-16,2.220446049250313e-16,-2.220446049250313e-16,-1.1102230246251565e-16,-3.40467613261808e-16,4.534006081628114e-16,4.311882360361085e-16,-0.07322452767141102,0.039297552157906146
1125,4.976886103159673e-16,-7.41647305190765e-16,5.776978708631389e-17,-3.163567948948454e-16,6.363396762719072e-16,8.836642029126509e-16,2.220446049250313e-16,-3.3306690738754696e-16,2.220446049250313e-16,-4.658607480731083e-16,2.8247513436757164e-16,5.902107883927283e-16,-0.06896934762158614,0.03952540882784851
1126,1.517785770700106e-14,-4.5948661512497075e-15,1.4674833328157563e-15,-4.52743462693371e-15,-1.7848208779448615e-15,-4.975046431076794e-15,3.774758283725532e-15,-3.9968028886505635e-15,-1.2212453270876722e-15,-4.3415906291647386e-15,-1.9539558700775977e-15,-3.644913066482117e-15,-0.05987741542316741,0.0400122642299269
1127,1.413322108548054e-15,3.3207751720810572e-15,2.92480859781202e-16,-1.814632202784177e-16,-7.030422877704221e-17,1.9566952704641367e-15,-5.551115123125783e-16,2.220446049250313e-16,-7.771561172376096e-16,-5.82078067308078e-17,-7.548277780475811e-17,1.0396398185266897e-15,-0.059877415423167414,0.040012264229926896
1128,-2.1553996254647693e-16,-1.8985494247950665e-17,1.5499259917990435e-16,4.1982650999540035e-16,-1.8032414641492807e-16,8.795313194368127e-16,2.220446049250313e-16,0.0,2.220446049250313e-16,2.1883243916739888e-16,-1.4337300377055885e-16,4.296410641123081e-16,-0.06371505165970107,0.03980676622442118
1129,2.1514189229400897e-15,9.666945065126375e-16,6.255992421747787e-16,-1.1158059624614906e-15,-7.947485205459897e-16,5.59318828629736e-16,6.661338147750939e-16,0.0,0.0,-4.521595598044574e-16,-3.196066808025992e-16,1.8051252101616924e-16,-0.11896050060386847,0.04807087320593209
1130,2.240404917889597e-16,7.028288097247228e-16,-2.5132883719948575e-16,-3.003316907346335e-16,-4.354998142321913e-16,8.628459365003632e-17,0.0,2.220446049250313e-16,-2.220446049250313e-16,-1.3002407689287238e-16,-2.5422107393144666e-16,-4.755018676159752e-17,-0.1401076987022604,0.032023118786100195
1131,1.032168999735676e-15,3.5983520516999437e-16,7.701612741741596e-16,-3.870291570468059e-16,-2.1660220798388907e-17,3.9576744586630987e-16,4.440892098500626e-16,0.0,2.220446049250313e-16,-1.3807184028738164e-16,-9.891748476025038e-18,1.9533304730398892e-16,-0.10791296489554329,0.0810378869127507
1132,1.7561934163907275e-15,1.0526248519017431e-15,3.60709786565048e-16,-7.80621444634836e-16,-3.1679053724950025e-16,2.0293964379353449e-16,4.440892098500626e-16,0.0,-2.220446049250313e-16,-2.8305719583600567e-16,-1.540665342362358e-16,5.01535086978485e-17,-0.08900449346780469,-0.06093591036259784
1133,7.534999682320262e-15,-6.994641043716438e-16,2.4764383282909723e-15,-6.408893639695093e-15,-8.530718411869302e-15,-9.937955735347575e-17,-7.438494264988549e-15,1.1102230246251565e-15,4.440892098500626e-15,-1.2750049034899616e-15,-2.9504971068618425e-15,7.290233399670776e-16,-0.14070354198639598,0.13379649016647563
1134,-1.8167951780673033e-14,2.617504281039579e-16,2.7509326379183706e-15,-4.123043888562677e-15,1.0675036076031152e-14,-3.7869584207949326e-15,-8.770761894538737e-15,4.440892098500626e-16,6.217248937900877e-15,-2.061521944281336e-15,3.296210376924773e-15,-2.871878380342006e-15,-0.1151879328132224,-0.010678488064302884
1135,-9.18068495863044e-15,-1.2837512168118328e-15,-8.779809160895545e-16,6.486436758508659e-16,5.508414564222899e-15,-8.45400970243485e-16,-1.887379141862766e-15,0.0,0.0,-1.4053041923005182e-15,3.4412362091879748e-15,0.0,-0.0851001003911657,0.048793478673159967
1136,8.938362679331249e-15,6.347505002435739e-15,9.920680892017238e-15,-4.815789925430251e-15,7.548890293707076e-15,-5.449206111120376e-16,1.5543122344752192e-15,0.0,0.0,-2.281308948812444e-15,2.2643254498066414e-15,0.0,-0.08275572729076512,0.03878717483417543
1137,-1.1390708279071783e-15,-1.6040372359478085e-15,-2.3530651483558008e-15,-1.874246916910543e-15,2.3172149759129325e-15,2.1880293404912863e-15,-2.220446049250313e-16,-7.771561172376096e-16,-9.992007221626409e-16,-6.827794291013249e-16,9.858479575710198e-16,1.3199836344277768e-15,0.029396176030168503,-0.04293373241400451
1138,-6.680894014550312e-16,-2.0221912067693e-16,-5.378701169823659e-16,-1.0589245546699546e-15,2.105281788619526e-15,-3.3335791089046998e-16,0.0,0.0,0.0,-8.876353051746672e-16,9.169540523333716e-16,0.0,0.029396176030168503,-0.0429337324140045
1139,-2.505832540699532e-17,-5.308771564864024e-16,-3.4859123481587305e-16,-6.826943793691033e-16,1.2219645720253363e-15,-2.2411705457889783e-16,-2.220446049250313e-16,0.0,0.0,-3.8110150898410704e-16,1.1995477444882195e-15,0.0,0.020805711358596286,-0.04818627512835473
1140,-2.808475889299377e-15,-8.714426004154141e-16,-9.206200650837362e-16,-1.0256722632912827e-15,-1.0825924993284844e-15,-6.850999225682125e-16,0.0,0.0,0.0,-5.552585707369832e-16,1.0340290107254023e-15,0.0,0.003987811038844172,-0.049425910059794756
1141,-5.939426364453979e-16,-1.2376445453303784e-15,-1.313471077076442e-15,-9.089640117038019e-16,1.6313428566700326e-15,-6.920600711348752e-17,2.220446049250313e-16,0.0,0.0,-4.952489274500244e-16,8.537460595353492e-16,1.834156644289649e-31,-0.00968426287263019,-0.06379515378205906
1142,2.0549574944192628e-16,3.487337124676891e-16,-1.0251427404825725e-15,-9.031489687920655e-16,1.0139709407318673e-15,-3.5289787583343504e-17,0.0,2.220446049250313e-16,-3.3306690738754696e-16,-3.7844335488494176e-16,6.509556402106755e-16,-2.0600110581308054e-17,-0.011657001424544594,-0.07488194260303617
1143,2.015044805199414e-15,1.767399735881956e-14,-4.789097794181644e-16,3.6368268139932456e-17,-6.382830623290259e-16,2.010146181938592e-15,-1.1102230246251565e-16,4.440892098500626e-16,-1.7763568394002505e-15,1.360702874131605e-16,-3.664955556133744e-17,-1.3625956212656663e-15,0.06807996568666869,-0.09211673686060647
1144,-1.2739428812327408e-17,1.4852282275020138e-15,-4.709851409212872e-17,8.497187529085937e-16,-1.109308230055045e-15,1.3955266198921178e-15,0.0,4.440892098500626e-16,-2.220446049250313e-16,5.59129540599574e-16,-4.805653580030204e-16,7.363329982356712e-16,-0.03457931526026118,-0.03934785328475577
1145,3.565807977093723e-16,1.843914336695955e-15,8.896388321530018e-16,1.0502367153108796e-16,2.5210202525323663e-17,3.31090800442347e-16,0.0,6.661338147750939e-16,2.220446049250313e-16,2.3749255874549173e-16,-5.259859587245457e-17,1.4543414226806333e-16,0.029396176030168496,-0.04293373241400449
1146,7.62370214257701e-16,2.07576419815481e-15,6.468983594292088e-16,-3.582571284685416e-16,-4.016018973481971e-16,1.9328667435406914e-16,-1.1102230246251565e-16,4.440892098500626e-16,-2.220446049250313e-16,-2.878573070256497e-17,-2.3090679088191314e-16,1.7323985622196705e-16,0.00879114680504543,-0.041778803506612394
1147,5.911939800051337e-15,1.4820338492090563e-15,1.3103674196495243e-14,-3.2579068049750636e-15,-1.1495321192361245e-14,-1.1500593411256153e-15,-3.219646771412954e-15,2.220446049250313e-16,4.440892098500626e-15,-1.4639758418239964e-15,-9.45418409657052e-17,1.7310708989326534e-16,0.029396176030168503,-0.0429337324140045
1148,2.042797348259544e-16,5.318201566343689e-15,-1.1312481227197726e-15,-1.7959061913623903e-15,1.705788874139871e-16,-1.2332124460744622e-15,-1.7763568394002505e-15,2.220446049250313e-16,-2.55351295663786e-15,-7.407397610624263e-16,-3.701329238910424e-16,-1.432775416215377e-16,0.0293961760301685,-0.042933732414004486
1149,2.81120624192845e-15,5.5401063810731875e-15,-6.77892902105079e-15,-3.978249589189414e-15,1.0278996556996706e-15,3.5334688582438004e-15,1.9984014443252818e-15,4.218847493575595e-15,-3.3306690738754696e-15,-2.138448468510171e-15,1.9791642510719951e-16,2.328963628947881e-15,-0.0412609362187477,-0.0389733429111532
1150,5.523132582187152e-16,7.844542520082427e-15,2.1042808553507802e-15,-1.189060526116889e-15,1.1005745085702163e-15,1.6753081887758631e-15,-1.5543122344752192e-15,3.552713678800501e-15,-1.2212453270876722e-15,-2.0774961890574657e-15,5.393297168232184e-16,3.366178125988113e-15,-0.04126093621874769,-0.0389733429111532
1151,-1.2770517576757838e-15,3.608531579447942e-15,4.600214331899724e-16,7.349189914194239e-16,9.124043603173388e-17,2.1294817653829223e-15,-8.881784197001252e-16,0.0,-4.440892098500626e-16,2.2477664758925856e-16,1.2082183548961813e-16,1.0251217215097087e-15,-0.008073528147296663,-0.04083352454566421
1152,1.5869884479430867e-16,3.824274198762714e-15,3.736548307120208e-15,-1.376986984138353e-16,1.072437606291514e-15,-2.356228454883256e-15,-1.1102230246251565e-15,6.661338147750939e-16,4.440892098500626e-16,-7.098534452481362e-18,5.485860155026671e-16,-1.2720067300551677e-15,0.029396176030168503,-0.0429337324140045
1153,-1.645707274669389e-15,-5.86462925418175e-17,-1.5510245772791163e-16,-8.464653573483908e-17,-1.4219603659042972e-15,2.1873479794152397e-16,-1.1102230246251565e-16,4.440892098500626e-16,4.440892098500626e-16,-1.5729402939676067e-17,-7.092836686859648e-16,1.2841400733987644e-16,0.0,0.0
1154,5.986948751745704e-17,-1.0936054786071928e-15,-9.70123677453337e-16,-1.1095151458321607e-15,2.4000744972313064e-15,6.846825001548954e-16,1.3322676295501878e-15,-2.220446049250313e-16,4.440892098500626e-16,-4.1187372744461594e-16,5.210616827040481e-16,2.2417262062046654e-16,0.029396176030168496,-0.0429337324140045
1155,-1.5266113865238212e-15,-4.123944325872677e-16,-2.532628136831701e-15,-2.178769324242614e-15,6.776022039869867e-16,-1.7509283636957983e-15,4.440892098500626e-16,4.440892098500626e-16,-5.551115123125783e-16,-1.0730585766408922e-15,5.407888125316903e-16,-9.275793727419706e-16,0.0007903650077958965,-0.04627763323099946
1156,-9.774537826051296e-16,-3.2331971915312907e-16,-1.133445851231349e-15,-8.529653006020859e-16,1.493289148972129e-16,6.656307611164657e-16,2.220446049250313e-16,2.220446049250313e-16,-3.3306690738754696e-16,-4.865287230662347e-16,1.314156633436241e-16,2.869547187857068e-16,0.0009423166354138356,-0.04456003394876383
1157,3.3928105083163563e-16,-1.281549779472834e-15,-1.7157265502014291e-15,1.4222997076350053e-16,-4.603635515262754e-16,1.5208332769191094e-15,4.440892098500626e-16,2.220446049250313e-16,-6.661338147750939e-16,-2.9443735268844594e-17,-1.7580384333289097e-16,6.215605482278088e-16,-0.12921323515068947,-0.06674816611172747
1158,6.367076220037086e-17,-6.749541404680988e-17,-1.233700454260772e-15,-5.342777713883831e-16,8.484127130951598e-18,5.062531074572649e-16,2.220446049250313e-16,2.220446049250313e-16,-4.440892098500626e-16,-2.699326622688801e-16,1.0459837569642131e-16,1.9717967468645426e-16,-0.0061975512807681,-0.0851788977397861
1159,2.4170877756979305e-15,-1.5054032353643044e-15,1.336599790976144e-15,-1.3278582920955596e-15,6.005669947194354e-16,-1.0329963733337472e-15,8.881784197001252e-16,-1.6653345369377348e-15,2.220446049250313e-16,-2.015420950681576e-15,4.139749952842732e-16,-3.9681880002314373e-16,-0.11779042544568309,-0.06845957992083146
1160,-1.3652089214422201e-15,-7.796967515020671e-15,-1.5594714726105638e-15,1.50602620741541e-15,-9.924947847683784e-16,3.4369325341473735e-15,2.220446049250313e-16,-1.7763568394002505e-15,4.440892098500626e-16,-6.509108364528925e-16,2.8838900257390347e-16,-5.504212466967945e-16,-0.027270616441485394,-0.08202164171893218
1161,1.921700072863547e-15,-2.297147420712055e-15,6.125758771182737e-16,-1.1541318505246536e-15,-2.2337079125965115e-16,1.0488346474866965e-15,6.661338147750939e-16,-1.4432899320127035e-15,-1.1102230246251565e-16,-5.770659252623263e-16,-1.896902486842156e-16,4.730000249071741e-16,0.006248899229278579,-0.06320768680476185
1162,-7.71134619735597e-16,-6.766338952711431e-15,-1.9090131553336188e-15,-2.8313483627176196e-18,2.1925352812174017e-15,1.2599034021454018e-16,1.9984014443252818e-15,-9.992007221626409e-16,1.1102230246251565e-15,-1.4156741813550265e-18,8.267299066455376e-16,7.228753229481283e-16,0.004692210331701065,-0.07225415469002526
1163,1.50547785992908e-15,2.590907271145842e-15,4.889662629782665e-16,2.550557089610074e-16,-1.1478768461511632e-15,1.7196904189657279e-15,-2.220446049250313e-16,0.0,-7.771561172376096e-16,2.524486010173894e-16,-5.304721965138168e-16,8.31063782754683e-16,-0.03301677233794594,-0.08116072826554975
1164,3.745749133903814e-15,2.5365994347059047e-15,1.7291338172737001e-15,-1.3394287121651025e-15,-7.072377133341775e-16,9.383323825382512e-16,2.220446049250313e-16,-4.440892098500626e-16,-5.551115123125783e-16,-4.445061184484706e-16,-4.31298268685834e-16,4.846498826113182e-16,-0.015678756613731356,-0.09692705259884926
1165,2.69608121543478e-15,-3.899083236582926e-16,1.390243766610296e-15,4.7093841033066e-16,-1.365547335256957e-15,-2.6959095235471846e-15,-2.220446049250313e-16,-8.881784197001252e-16,0.0,-6.428758573777616e-16,1.8139154537244529e-16,-8.062049876663554e-16,-0.08592456323392364,-0.0775420575353125
1166,6.632534006401724e-14,-5.864755582201988e-14,2.6024180319205255e-14,-1.8747404312339967e-14,-4.404908923160421e-14,9.79770538484678e-15,-4.440892098500626e-16,1.9984014443252818e-15,-8.881784197001252e-15,5.533143784837764e-15,5.8747985581297585e-15,-2.625471644462553e-15,-0.035233434028187675,-0.07790722272389823
1167,-2.8703698835239676e-15,1.8041581432866306e-14,-6.0162678129501834e-15,-2.1661686351177455e-15,5.1919993695165546e-15,-1.6271085617055236e-14,-3.6637359812630166e-15,1.9984014443252818e-15,-1.1102230246251565e-16,2.89635183387751e-15,3.1386729074772106e-15,-4.963519483081941e-15,-0.07165215829081095,-0.0948930344715477
1168,-5.198334598797477e-16,7.703154397703703e-15,-6.006355257835305e-16,7.91405976959628e-16,-6.919952088450905e-16,-2.735005965633784e-15,-2.220446049250313e-16,2.6645352591003757e-15,8.881784197001252e-16,-8.92414567368758e-16,-4.995345473159219e-16,-1.5303233213416688e-15,0.0,0.0
1169,2.126948434640018e-15,-6.442390872838855e-15,1.4837739301020643e-15,1.0309472601242743e-16,-2.1353751649949865e-15,4.618258992275195e-15,-3.3306690738754696e-16,-6.661338147750939e-16,1.1102230246251565e-15,-5.026791766728756e-16,3.959527426040381e-17,1.4825854850624036e-15,0.0,0.0
1170,2.450186594095765e-15,3.3437877576594334e-15,-1.7212092351562386e-16,5.93963159927059e-16,-1.2124034247998434e-16,4.578371284395188e-17,4.440892098500626e-16,0.0,-7.771561172376096e-16,-1.452933832349943e-16,-1.4440636977201942e-16,-2.160458267195632e-16,0.0,0.0
1171,1.0772583568850149e-16,1.6481609112087568e-15,-1.7968634418832665e-16,3.9301715671796323e-16,-7.056567205407339e-16,6.558112287451472e-16,0.0,4.440892098500626e-16,-5.551115123125783e-16,1.9434605111955698e-16,-3.9218526712343215e-16,2.867320055124924e-16,0.0,0.0
1172,4.934120025866461e-16,9.058401366243838e-16,-1.5900023352006914e-16,1.8074080352068983e-16,-8.365560664911752e-18,4.610595737165848e-17,2.220446049250313e-16,2.220446049250313e-16,-3.3306690738754696e-16,9.716951510765942e-17,-4.613790729525431e-17,-3.086319741861232e-18,0.0,0.0
1173,1.2397008288443886e-15,6.947915516498243e-16,2.836075583444106e-16,-1.5538459605197852e-16,-8.790801639668072e-18,3.6587328915239397e-16,4.440892098500626e-16,0.0,-1.1102230246251565e-16,-3.977862692550672e-17,7.175290529138101e-18,1.7133593753557413e-16,0.0,0.0
1174,3.3282719759989898e-15,7.49915650785219e-15,1.8292103304961146e-15,-6.028421917647947e-15,7.831927220678412e-16,-2.5178724869879504e-15,4.440892098500626e-16,4.440892098500626e-16,8.881784197001252e-16,-7.218366379483622e-16,2.727326269741923e-16,-1.2733572744524644e-15,0.029396176030168496,-0.0429337324140045
1175,-1.3805169678068683e-16,8.29705664839749e-16,3.955595689871703e-16,-4.637172198725329e-16,-5.0750288564037673e-17,-1.7545887479835626e-16,2.220446049250313e-16,-1.1102230246251565e-16,4.440892098500626e-16,-5.677411006705815e-16,-3.4375166365802613e-16,-1.0271763599035628e-16,-0.025623080284046,-0.0460783990036489
1176,2.584310696985743e-15,-5.59243962724352e-15,1.6624549492107596e-15,1.626266307042301e-16,7.337486309047761e-16,-2.3543921978537176e-17,1.1102230246251565e-15,-2.7755575615628914e-15,8.881784197001252e-16,-3.157754404963174e-16,1.2049840442725803e-15,-1.2717637330411303e-16,-0.03816700298071654,-0.023187896182980765
1177,-8.270456595058074e-15,-3.4560741932852043e-15,-6.583674835934123e-15,3.636326135170863e-16,-2.631975934035888e-15,4.218622435008857e-16,-2.9976021664879227e-15,-6.661338147750939e-16,-1.2212453270876722e-15,1.67832248036745e-15,-2.2583434134818416e-15,6.465164068678292e-16,-0.029078323578116988,-0.039838070421211666
1178,1.6137525491747864e-15,2.194343216012623e-15,-3.2121084308682006e-16,3.2554180011022155e-16,6.356533018826834e-16,1.0955594623652546e-15,0.0,2.220446049250313e-16,-8.881784197001252e-16,1.212438152987046e-16,2.727777591238293e-16,5.142764221771935e-16,-0.028470772095980944,-0.04122881827039061
1179,-9.35825283710081e-17,-4.895006462575553e-15,-5.4432970494645556e-15,5.837830192048529e-16,-1.3150256448242213e-15,2.680467922380164e-16,2.6645352591003757e-15,-1.1102230246251565e-15,-5.551115123125783e-16,6.209394573673161e-16,-2.7400505487323764e-16,-7.750759796699302e-17,-0.016141899523554867,-0.06516250715226693
1180,1.1621138384511471e-15,1.7645939771072208e-15,-4.3596533600387926e-16,1.2930636759337605e-15,1.7232280855227146e-15,2.5849257998594494e-15,0.0,-1.4432899320127035e-15,-9.992007221626409e-16,-3.8931361053807976e-16,6.107302906449207e-16,2.3229955182550563e-15,-0.02410837143488947,-0.049127266884264456
1181,9.917117277724637e-15,8.824474051134699e-15,-2.5396385315558488e-14,7.607483594495296e-15,1.630194200890301e-15,-5.7867685750418635e-15,-2.55351295663786e-15,-3.1086244689504383e-15,6.217248937900877e-15,-8.207614202159585e-15,3.912227155668509e-15,-4.481158060870973e-15,-0.01419781011125853,-0.05407049443448006
1182,-8.841994300697243e-15,5.694463858659623e-15,-1.4082106157985962e-15,1.1885711338323126e-14,-3.41115801694175e-15,9.321183769534824e-16,-9.658940314238862e-15,2.886579864025407e-15,1.9984014443252818e-15,-5.021668402425506e-16,-2.8034243534524167e-15,-1.7528941148802087e-15,-0.022884706090615353,-0.05159031050275084
1183,2.1490355014362545e-15,-9.81601559976474e-15,-8.29363920520591e-15,9.194816868221464e-16,1.958486686412536e-16,-7.780998537081183e-15,6.661338147750939e-16,-1.1102230246251565e-15,6.217248937900877e-15,6.15664430542185e-16,-1.8174945494530988e-15,9.108913655499564e-16,-0.05559356984042825,-0.07618175308594612
1184,-4.8557862194530534e-15,-5.1313260722495335e-14,-2.4801501040646234e-15,-3.021330688501655e-15,3.5490665865617317e-15,1.9337110872555973e-14,-1.3322676295501878e-15,-3.552713678800501e-15,1.9984014443252818e-15,1.214004746747904e-15,9.249163378186981e-16,2.8757540954333484e-15,-0.08204072210254483,-0.09230053701117909
1185,-6.984689772801506e-16,3.5459514528780606e-16,-7.195872978826612e-16,-7.03005506635352e-17,-3.119651929644704e-16,7.006260373903267e-16,2.220446049250313e-16,6.661338147750939e-16,-2.220446049250313e-16,-1.0891657929242782e-16,-1.6549351658056135e-16,2.2129301368712588e-16,-0.04811081994489242,-0.08872825655265737
1186,5.5424805043632764e-15,4.0044288117073795e-15,8.568724049648553e-16,-1.6913694402951257e-15,1.5732689544967188e-15,4.207264715121136e-16,0.0,-4.440892098500626e-16,-1.4432899320127035e-15,-5.173771477722195e-16,6.365290339752702e-16,4.078452888368571e-16,-0.05621744357508425,-0.0407943812739571
1187,1.649792883647614e-15,2.899247940903466e-15,6.481979257984257e-16,-1.2444392038762222e-15,1.9405576585918704e-15,2.7934762875717e-16,-3.3306690738754696e-16,-2.220446049250313e-16,-7.771561172376096e-16,-3.470950443492666e-16,8.169882322711173e-16,5.75415272955558e-16,-0.08061628919091852,-0.0709498188617672
1188,1.2528624248803745e-15,3.629043922211658e-15,2.9934876739074924e-15,6.3103078233639815e-15,1.6488758892675143e-15,1.5574468464253721e-15,6.661338147750939e-16,6.661338147750939e-16,6.661338147750939e-16,2.7214510586143176e-15,-1.0263218132626557e-15,4.687607752322911e-16,0.029396176030168496,-0.04293373241400451
1189,1.43835581097463e-14,-2.0592949201891873e-15,3.8988523486290846e-15,1.8626084875356384e-15,5.743379735003208e-15,1.6456007722152303e-15,2.4424906541753444e-15,-3.3306690738754696e-16,2.6645352591003757e-15,-5.697432460066115e-16,1.7749873124202838e-15,5.669934307599745e-16,0.020106870658114694,-0.03430284079565192
1190,-5.556153236208604e-15,3.7256496060233034e-15,6.779682485861572e-16,-5.467604855822708e-16,2.3438567220065316e-15,3.15799160278245e-16,-9.992007221626409e-16,-1.1102230246251565e-15,1.9984014443252818e-15,5.059786621747788e-16,-1.9954717361925815e-15,-3.2180303257095766e-16,-0.0514491444291536,0.03218137800475431
1191,-4.9780489603632774e-15,3.0591167693260616e-15,-1.059586714555605e-14,-1.724862904748673e-14,-8.086924312571963e-15,-9.203018716745862e-15,-9.992007221626409e-16,8.881784197001252e-16,-1.7763568394002505e-15,-1.1179558818748845e-14,-5.6873072170926265e-15,-1.4059460641107715e-15,-0.0598774154231674,0.0400122642299269
1192,-2.6565419148390432e-15,4.649544212653149e-15,3.242967393553899e-15,-3.2608552283213237e-15,-5.7032938096317595e-15,-2.042083009605504e-15,-4.218847493575595e-15,4.440892098500626e-16,1.7763568394002505e-15,-5.3048175608353656e-15,-1.9180257925176055e-15,1.1348866254440804e-15,0.0293961760301685,-0.0429337324140045
1193,2.7868429032016283e-15,-4.98659464205692e-15,-4.048580950990025e-16,1.563611080500054e-15,3.948019322063171e-15,3.555331068948394e-15,4.440892098500626e-16,-4.218847493575595e-15,-2.4424906541753444e-15,1.3875082568388216e-15,1.4196621496366876e-15,1.797093643233364e-15,-0.06583759660509074,0.03969310804371051
1194,1.0743682985483067e-14,9.003773424124025e-15,1.2665409198753217e-14,-7.288538797215803e-15,4.7300245482717275e-15,-1.6542949322584924e-15,6.661338147750939e-16,-2.4424906541753444e-15,6.217248937900877e-15,-1.854385436071404e-15,6.15130580884103e-15,-1.3432753724012674e-15,0.06095152365378101,-0.09740363396214591
1195,-1.6230169183549604e-14,3.2094555007787378e-15,-1.4697461252370634e-16,8.597398508718798e-15,7.062547535273473e-16,-5.027148943103192e-15,6.661338147750939e-16,1.9984014443252818e-15,2.4424906541753444e-15,2.729751664106149e-15,-3.827844487459122e-15,-2.872064541493323e-15,-0.1015629729270973,-0.12174244066304958
1196,-1.4776826958236446e-14,5.838673351189179e-16,5.685554183175331e-16,2.5031131500819136e-16,2.875878274571996e-15,-2.4296475323283056e-15,-3.3306690738754696e-16,1.1102230246251565e-15,2.220446049250313e-15,1.1050556778642418e-15,-1.413791249244683e-15,-1.810866778845563e-15,-0.08712158251501838,-0.11620554490892715
1197,6.829560000651339e-15,1.5278330559832505e-16,-2.0765732053819396e-15,-1.6071856313020104e-15,-1.2906792709343137e-15,4.66947526421119e-16,8.881784197001252e-16,0.0,-1.6653345369377348e-15,6.14425978025233e-17,1.4366121494250108e-15,-4.4005092392500756e-16,-0.10156297292709733,-0.12174244066304961
1198,1.089154939298186e-15,1.890938625152244e-17,-5.127286627253567e-15,-5.931469145107371e-16,3.206320239988965e-15,1.1789452369889647e-15,8.881784197001252e-16,-2.220446049250313e-16,-1.887379141862766e-15,2.971248111417537e-17,7.676209444966949e-16,2.9907110807865003e-16,-0.05241637201870965,-0.09781742999535073
1199,2.731358630200672e-15,2.943606986284085e-14,7.724534832391469e-17,2.9515576167369474e-14,1.7170134094068112e-15,4.996543073620775e-16,-1.3322676295501878e-14,6.217248937900877e-15,-4.6629367034256575e-15,4.465806960340033e-15,6.79000822743096e-15,4.917550932189218e-15,-0.12093672626525163,-0.09407392525261993
1200,-1.0640285171052719e-14,7.555929895671984e-16,8.77383636218617e-16,-4.0272618846338324e-15,4.087422298699832e-15,3.804531562651262e-15,-8.992806499463768e-15,3.774758283725532e-15,-7.771561172376096e-16,-1.3334673748721862e-15,3.6680819489895385e-15,2.3700084436368207e-15,-0.10156297292709732,-0.12174244066304961
1201,1.5332604150655987e-14,6.704524271019559e-15,-3.7928039687040787e-17,-6.748527596319586e-15,-2.914713524623641e-15,7.079997405747659e-16,1.3322676295501878e-15,6.661338147750939e-16,-1.887379141862766e-15,2.451465791449384e-16,1.6713665386172406e-15,-1.268318541723749e-15,0.0,0.0
1202,2.683835911159004e-15,2.3407095137022976e-15,-1.4966047095037178e-15,-2.6629518655200673e-15,-1.0563182952320808e-15,-5.0788575164179537e-17,1.1102230246251565e-15,5.329070518200751e-15,-1.6653345369377348e-15,1.198443371582617e-16,8.953843354831455e-17,-9.271223185433894e-16,-0.007513475567050531,-0.09830812880859119
1203,3.849746968929185e-15,-1.3416451725377388e-15,-2.3819796529450258e-15,-2.1429319549342724e-15,-8.295110976809903e-16,2.1034776658667775e-15,1.5543122344752192e-15,-7.771561172376096e-16,-6.661338147750939e-16,-3.232407576207061e-17,-1.0900270014863593e-15,3.11754369042469e-16,-0.10156297292709732,-0.12174244066304962
1204,1.0642409076895747e-15,-9.231187595112734e-16,1.323561768637603e-16,-1.0009969661788474e-16,1.3306512252320415e-15,9.31233448962283e-16,4.440892098500626e-16,-4.440892098500626e-16,0.0,-2.0363732812681843e-16,6.64810635787494e-16,5.155728364070395e-16,-0.1015629729270973,-0.1217424406630496
1205,-2.328345031423536e-15,-9.88662681116907e-16,-1.0477064544643014e-15,-3.909087247398583e-16,3.803101219146038e-16,3.795966160168536e-16,4.440892098500626e-16,4.440892098500626e-16,-4.440892098500626e-16,-6.240365713435306e-16,5.90833174193709e-16,3.8612581846576423e-16,-0.1015629729270973,-0.12174244066304961
1206,-5.288914505557648e-16,-2.1761041657907795e-15,1.0019146468882673e-15,-1.3857994891680738e-15,1.5374912631420204e-15,2.7381028049690687e-15,2.220446049250313e-16,-6.661338147750939e-16,1.1102230246251565e-15,-8.140878725810816e-16,7.091449331477222e-16,1.2806624993093102e-15,-0.043301633760672066,-0.1030976293574409
1207,2.745277569963205e-16,8.283977495088104e-17,-5.747390643242999e-16,-1.1025315913953325e-15,-2.178838691786083e-16,-6.988480864896225e-17,2.220446049250313e-16,2.220446049250313e-16,-2.220446049250313e-16,-4.766708364736646e-16,1.3661697481320315e-18,-8.778820110491011e-17,-0.10156297292709732,-0.12174244066304961
1208,-7.004051199669796e-15,2.0997776022564944e-15,-1.1838964035580663e-14,-3.189394499871167e-16,6.860635268810914e-15,2.0549991583299928e-16,-1.1102230246251565e-16,4.440892098500626e-15,-2.55351295663786e-15,-1.5946972499354816e-16,1.7246283819564238e-15,-3.79420589688587e-16,-0.1015629729270973,-0.12174244066304958
1209,-3.5265016597568613e-15,6.224573774423853e-16,-3.6440360943542454e-15,2.010097302572372e-15,3.632621334398573e-15,3.1027687365324905e-15,-2.9976021664879227e-15,6.661338147750939e-16,-9.992007221626409e-16,-3.94996894977032e-15,3.443469978883314e-15,-2.2251318495918883e-15,-0.06809500007709805,-0.08135816359113839
1210,2.836577843004829e-14,1.1863020869482299e-14,3.3439084565225558e-15,-1.4294546708090958e-14,-8.797379673728243e-15,5.128839356279775e-15,5.10702591327572e-15,1.3322676295501878e-15,4.440892098500626e-16,-2.484351392681124e-15,-3.688097353681337e-15,2.7446753462334013e-15,-0.06867885584930411,-0.06267558141630741
1211,6.757807250253522e-15,1.076982471516268e-14,9.732733783873362e-15,5.575280145741873e-16,-8.703301961679822e-16,9.0646510435073e-15,3.3306690738754696e-15,1.1102230246251565e-15,-9.992007221626409e-16,-2.3333433269637844e-15,-9.515875935948776e-16,2.477163245288898e-15,-0.0423973018352724,-0.015468327894491402
1212,3.893346799447839e-15,2.6281728108679018e-15,2.470464041422383e-15,-2.371843884234981e-15,2.5101786974953957e-15,-1.5241403650948663e-15,2.220446049250313e-16,-1.1102230246251565e-16,4.440892098500626e-16,-1.1679177979551625e-15,1.545369348366883e-15,-7.57889517289491e-16,-0.04981021388159555,-0.028783492519797286
1213,5.271056848504616e-15,1.3693917462681879e-14,-1.3767418680647043e-15,-8.707560257795404e-15,2.0591293002432296e-15,2.13689758788184e-15,1.9984014443252818e-15,1.7763568394002505e-15,-1.2212453270876722e-15,-3.0387709873004853e-15,3.8546429603901947e-16,2.491105333423966e-15,-0.05632592408191906,-0.04048709205341443
1214,5.382766524059839e-18,1.6553286407603892e-15,3.9596779134601493e-16,-1.4032203273397534e-15,3.3791396564224887e-16,-1.3548113769451631e-16,-4.440892098500626e-16,2.220446049250313e-16,-2.220446049250313e-16,-6.070443130184495e-16,2.3018394554431324e-16,-1.1361506098337632e-16,-0.036252593248623365,-0.022317433080586438
1215,7.383776701917776e-16,1.2692409234472485e-15,4.560516493608221e-16,-1.064960934563857e-15,7.147048379456226e-17,6.179134925026569e-17,-1.1102230246251565e-16,0.0,-1.1102230246251565e-16,-4.820717935852728e-16,9.138696718623146e-17,-5.584006568275598e-18,-0.042397301835272405,-0.015468327894491398
1216,-4.412499976028974e-16,-6.350419427252739e-17,-5.872761325876528e-16,-1.0813316350915762e-15,7.409046897756928e-16,-1.4130542112823432e-16,-2.220446049250313e-16,2.220446049250313e-16,0.0,-5.302364259299828e-16,5.165502220334835e-16,-7.19717763951689e-17,-0.0423973018352724,-0.015468327894491398
1217,5.02820116893345e-16,7.522323536496483e-16,-5.185163664312977e-16,-1.0814504160114958e-15,1.361838114914563e-15,-7.728350543506017e-17,-2.220446049250313e-16,2.220446049250313e-16,-4.440892098500626e-16,-4.2364753862343155e-16,8.110771876524931e-16,-2.8198727125512754e-17,-0.042397301835272405,-0.0154683278944914
1218,-8.571844462166872e-16,2.812301444403465e-16,-2.219953008229981e-15,-1.11382004946265e-15,4.316064003392571e-16,1.1911352217578899e-17,0.0,4.440892098500626e-16,-5.551115123125783e-16,-4.3774233650018863e-16,5.888853589249186e-16,-9.436057175041294e-17,-0.1972932368716507,0.2319495101700308
1219,1.7219090620093255e-15,4.586966139449307e-15,-2.294089675267561e-16,-9.27539604591503e-16,6.312745156782058e-16,-5.364250528105169e-16,0.0,4.440892098500626e-16,-8.881784197001252e-16,9.561480522461737e-17,3.902754862075144e-16,-5.992766455892727e-16,-0.18060163717577774,0.2086353121236173
1220,-9.811745963201073e-16,-9.396954994641877e-15,-1.5113573603773448e-14,3.92682368098596e-15,-3.937513815373754e-15,8.076314310758663e-15,8.881784197001252e-16,8.881784197001252e-16,-4.773959005888173e-15,1.4818314377857897e-15,-1.4442142822202797e-15,8.666332613736468e-16,-0.17059605926689325,0.18411556825812028
1221,1.5217940304945072e-15,5.166790832813572e-15,3.2985447898720105e-15,-1.245449205008727e-15,1.315274169864041e-15,-5.305087846501939e-15,-1.3322676295501878e-15,-2.220446049250313e-15,2.4424906541753444e-15,3.406813138443335e-16,4.872798670895672e-16,-2.7218822789314837e-16,-0.089289799148469,0.0384372879111246
1222,2.752239589159683e-16,1.4267531659241192e-16,-1.2328272093814676e-15,-1.3565466625458373e-15,5.813321605649083e-16,7.203195052044596e-17,0.0,2.220446049250313e-16,-4.440892098500626e-16,-5.786429094584253e-16,4.4148085332448505e-16,1.962535284734079e-18,0.0,0.0
1223,1.3003436596940339e-15,1.5734667233881098e-15,2.1118400934224174e-16,-9.795798122286763e-16,6.112036804139984e-17,8.335439385873162e-17,2.220446049250313e-16,2.220446049250313e-16,-2.220446049250313e-16,-4.105022905898766e-16,4.8055678213472476e-17,4.0132192742737306e-18,-0.1184874161081332,0.09900921542422876
1224,-7.877506977992591e-15,-4.102748694267049e-15,1.8924556387087996e-15,5.871754583902248e-15,-1.782206877761498e-15,6.886620595510691e-16,-4.9960036108132044e-15,-3.1086244689504383e-15,-1.1102230246251565e-16,2.9358772919511386e-15,-8.911034388807677e-16,3.443310297755494e-16,-0.08724765291733051,0.03854664089603101
1225,2.6131343969123155e-15,-2.9759018788079047e-15,5.374283452900193e-16,1.5413456766375207e-15,2.7896298982926143e-15,-3.54006460756067e-16,1.5543122344752192e-15,-2.220446049250313e-16,0.0,1.2022080316561981e-15,1.6154231998450211e-15,1.691492956303038e-16,0.0,0.0
1226,3.96186040893286e-15,-1.0026949701344132e-14,4.586704578923477e-15,8.343550753280268e-16,5.85021089622215e-15,2.526760943277624e-15,3.9968028886505635e-15,-2.9976021664879227e-15,3.3306690738754696e-15,4.1717753766402633e-16,2.813425480654337e-15,-1.1370913503305858e-16,-0.089289799148469,0.0384372879111246
1227,3.154664943016248e-15,1.8223973134660425e-15,1.6679011699722157e-15,-1.3305097808374027e-15,1.895388764332468e-15,-3.642207830135351e-16,8.881784197001252e-16,2.220446049250313e-16,0.0,-6.652548904187007e-16,8.62424228266781e-16,-2.295504843422181e-16,0.0,0.0
1228,-5.046015625558847e-14,-1.8997170496314233e-14,-2.1618546521850677e-14,-2.5133354654147493e-14,2.0148793202933184e-14,6.590340377884126e-15,8.215650382226158e-15,-1.0325074129013956e-14,-4.773959005888173e-15,-5.535787410766405e-15,7.232538695854657e-15,-5.94867711822145e-16,-0.089289799148469,0.03843728791112461
1229,-6.318613662699763e-15,7.451300359273724e-16,-3.309548924697005e-15,-6.482387561438349e-16,-3.2489826496901963e-15,1.153768837225169e-15,-1.2212453270876722e-15,1.5543122344752192e-15,-9.992007221626409e-16,-1.1736928034005607e-16,-1.7472199527503087e-15,4.961529959218645e-16,-0.040768652724839316,-0.02049465290867374
1230,5.814368183136594e-15,1.1937272822737798e-15,-3.265931431082949e-15,8.466205432821373e-16,-2.96726020079856e-15,5.71984396243088e-16,1.9984014443252818e-15,4.440892098500626e-16,-2.220446049250313e-15,4.312384455056505e-16,-8.765930220896784e-16,4.1286513208205985e-16,-0.12850620134559163,-0.038185950497927834
1231,-7.647426890492639e-15,-1.4454025037450993e-15,-7.980632292497702e-16,3.068843086701852e-15,-2.5861495026495244e-15,5.481434594820847e-16,-1.3322676295501878e-15,0.0,1.1102230246251565e-15,1.1072711484762052e-15,-4.982920341975215e-16,1.566590366665072e-16,-0.08967736685235364,-0.1364704974047124
1232,4.0708757426817824e-16,-1.0001053617308752e-16,-3.638273574388745e-15,-5.235140279925981e-16,-3.6460737989007657e-16,4.194657772714261e-16,8.881784197001252e-16,1.1102230246251565e-15,-9.992007221626409e-16,-2.2622889905177024e-16,-2.23963425489387e-16,2.359173750545029e-16,-0.0392167966194854,-0.2484689114893112
1233,2.5039037095051403e-16,-1.6472782138062074e-16,-1.2939798246754439e-15,-8.446092612435655e-16,-5.309533749912356e-16,6.903168917966658e-16,2.220446049250313e-16,2.220446049250313e-16,-4.440892098500626e-16,-4.25185275148113e-16,-3.2253855716645933e-16,2.988001950620003e-16,-0.09171959179474842,0.06444835168037845
1234,2.170517029005188e-15,2.454187970489121e-15,-1.4866427902083533e-15,-1.2474860047334329e-15,-4.826332325832052e-16,1.9982845127747644e-15,2.220446049250313e-16,2.220446049250313e-16,-1.5543122344752192e-15,-6.547080532214396e-16,-2.699119202413651e-16,9.5313944595207e-16,-0.05482117128043644,-0.21734916210497743
1235,-3.3665957319739545e-16,-4.1379373840415463e-16,-1.2312461820161547e-15,-3.8001260025539e-16,-2.811448091831359e-16,1.0311014098137506e-15,4.440892098500626e-16,2.220446049250313e-16,0.0,-1.8044445132527031e-16,-7.500332352191743e-17,5.38996145174798e-16,-0.11026016897446325,-0.07864599045473934
1236,2.392941927694896e-15,1.5528525814253712e-15,4.66584205737839e-16,-1.4186146263136454e-15,-9.009592056070794e-16,4.762615182727009e-16,2.220446049250313e-16,-2.220446049250313e-16,-5.551115123125783e-16,-5.802664915147778e-16,-4.623476168357678e-16,1.7125926566396512e-16,-0.07359718766444773,-0.1430209319846593
1237,1.0822996966347866e-14,3.4740449615936707e-14,-8.087949120529116e-15,-3.786516161964921e-14,-5.285216982583293e-15,-6.2791396573067324e-15,-1.2101430968414206e-14,1.9984014443252818e-15,2.220446049250313e-16,1.1237689144630034e-15,3.0574750411783486e-15,-1.6868555553730545e-15,-0.1279758254086681,0.025677311406694905
1238,3.7087846483424894e-16,1.2869083467804117e-15,-1.2063991281468397e-15,-4.998128332147265e-16,-1.0627739080755808e-16,7.93922211090603e-16,4.440892098500626e-16,2.220446049250313e-16,-8.881784197001252e-16,-4.0153675326427414e-16,-2.584074786608357e-16,-8.236333899350468e-17,-0.07506152047914526,0.039199184742432
1239,-6.27176683165246e-16,1.8802908879209396e-15,-2.128550644280017e-15,1.3890623371995265e-15,4.419770100954003e-16,2.014059403266176e-15,4.440892098500626e-16,1.5543122344752192e-15,-5.551115123125783e-16,6.871876705524121e-16,2.1378060619493735e-16,9.975596950535763e-16,-0.093341148876584,0.035750166149772195
1240,6.719801203351889e-16,2.427680133377286e-15,-1.762213036804179e-15,-1.787786402966702e-15,1.395772183850021e-15,-2.006557610411412e-16,1.1102230246251565e-15,4.440892098500626e-16,8.881784197001252e-16,-2.120040255817635e-15,1.0228286090095815e-15,2.1752192712514132e-16,-0.140703541986396,0.1337964901664756
1241,-1.756094508140993e-15,5.781838134546711e-15,1.9299095966799968e-16,3.662959638731026e-16,1.1401556787308125e-15,9.744976811447728e-16,-8.881784197001252e-16,1.3322676295501878e-15,0.0,-7.383971648881183e-16,5.307955507518151e-16,7.715927767482161e-16,-0.08658481309474954,0.07100140999147114
1242,-1.0314660092561774e-15,1.3484438124919524e-15,7.296183572483148e-16,-1.055114519452867e-15,-5.44451651179304e-17,1.816962666300994e-15,-1.5543122344752192e-15,3.1086244689504383e-15,-1.1102230246251565e-16,-1.6133345130520745e-15,-7.131215632707191e-18,1.5124259362360523e-15,0.029396176030168503,-0.0429337324140045
1243,2.1934867386043306e-15,-4.672438269025326e-16,1.8132138955874464e-16,-2.4756776381889584e-15,1.759764657403075e-15,-1.7165969040184794e-15,1.3322676295501878e-15,0.0,4.440892098500626e-16,-1.1448309422150523e-15,9.9430186675961e-16,-9.332389948772843e-16,0.003653782684657163,-0.04440505808639821
1244,6.11895394792561e-15,-5.423841998262164e-16,4.046843436623396e-14,-2.5469849803208014e-15,-1.2834931668915704e-14,9.174044823044348e-15,4.884981308350689e-15,1.5543122344752192e-15,-1.587618925213974e-14,-1.2734924901603076e-15,-4.907900008680505e-15,-1.160452469577607e-14,0.029396176030168496,-0.0429337324140045
1245,-2.0455575747999233e-14,5.7456876331508786e-15,-6.541647580248185e-14,1.6991911641766137e-15,3.240345711689709e-14,-7.78778113557817e-15,-1.1546319456101628e-14,1.5543122344752192e-15,7.571721027943568e-14,8.495955820885594e-16,-1.352941437724941e-14,-1.3111673041379605e-14,0.0293961760301685,-0.04293373241400449
1246,1.9837467281340927e-14,7.398178833726876e-15,-2.067933642786725e-15,-1.2065717144308377e-15,-3.2048441926756524e-15,-4.118112260787866e-15,8.659739592076221e-15,1.9984014443252818e-15,-8.326672684688674e-15,-9.581804557317172e-16,5.391314471965247e-15,-4.470952350116453e-15,-0.011312807867460604,-0.320033322949161
1247,-8.219996413458407e-15,-1.554746837598459e-14,-5.2211088394989845e-15,7.534222805675326e-15,2.1799527434366324e-14,-1.1793535872843173e-14,-2.1094237467877974e-15,-5.773159728050814e-15,-5.162537064506978e-14,3.767111402837499e-15,2.1080250293385813e-15,4.600828369120973e-14,0.0,0.0
1248,-3.635058752692119e-14,-1.4964695066333045e-14,-5.209012379595976e-15,-2.2460096213006655e-14,1.3504445992319897e-14,1.1839071476828564e-15,9.769962616701378e-15,-1.1213252548714081e-14,-9.2148511043888e-15,-8.109037228845625e-15,-5.810836951160053e-15,-1.836642488172306e-14,0.0,0.0
1249,-2.2699696315750982e-14,7.929887048584891e-15,-3.3346319239934308e-15,4.87765279341213e-15,-9.528449989541783e-15,2.6937808255916792e-15,-2.4424906541753444e-15,1.9984014443252818e-15,-3.774758283725532e-15,2.4425316566714365e-15,-3.578140082602761e-15,-1.4783165328353897e-15,0.0293961760301685,-0.0429337324140045
1250,1.955824407116529e-14,-3.4556818206457436e-15,-6.23190292695168e-15,-7.884304953167985e-15,2.9919239545004396e-16,2.173540774818058e-15,1.0658141036401503e-14,-1.2212453270876722e-15,-1.0547118733938987e-14,-1.970631513450706e-15,2.740173813371418e-15,-3.3663393653683116e-15,0.0,0.0
1251,3.730057722108542e-15,-6.138627639401914e-15,2.337298609982615e-15,-2.5532878757728442e-14,-1.4797783378431166e-14,2.3063488458900255e-17,3.774758283725532e-15,-1.7763568394002505e-15,-9.43689570931383e-15,-3.95272060618273e-15,9.092154772533412e-16,-7.593780151189333e-15,-0.022504120873747938,-0.04869465630724218
1252,2.469319645742928e-14,6.753979019387112e-15,-1.1259098391520697e-14,-1.4767275664178418e-14,-1.1823630899113426e-14,4.126782917771878e-15,7.327471962526033e-15,2.220446049250313e-15,-1.1657341758564144e-14,-2.184674230417681e-15,3.896595637977211e-15,-3.0097817687414488e-15,-0.05472568958541359,-0.04873209145709967
1253,1.7946090903534992e-14,6.079628465571441e-15,5.1906554018126105e-15,6.588411470576858e-15,9.446234777487932e-15,2.276454303709747e-15,5.995204332975845e-15,2.6645352591003757e-15,0.0,1.8084462339046886e-15,1.8441213913362497e-15,1.4110596708731104e-16,-0.025623080284046,-0.0460783990036489
1254,1.541744575721448e-16,1.2925326346272737e-15,-5.943647731934249e-16,6.812747854345811e-16,-6.157295717669692e-16,-3.1208650762915186e-17,2.220446049250313e-16,2.220446049250313e-16,-2.220446049250313e-16,2.861889951625138e-16,-3.710122521470843e-16,-6.125896499775219e-17,-0.025623080284045998,-0.04607839900364889
1255,3.152384475591868e-16,-1.4399728949416022e-14,2.9436531671205743e-15,5.1795627141011115e-15,7.458249315023617e-16,-5.714145089878843e-15,-1.1102230246251565e-15,-3.6637359812630166e-15,3.3306690738754696e-15,8.920069491079319e-16,-7.89854518745308e-16,1.42085952452411e-15,-0.025247740687854844,-0.04683389788370605
1256,-1.6336439736890553e-15,3.9394202949107726e-16,-4.893118261136399e-16,3.5469733563799827e-16,-1.2059571719127983e-15,1.7004837096490894e-16,-1.1102230246251565e-16,0.0,-2.220446049250313e-16,1.0898607943856217e-16,-5.998619402969056e-16,-1.2238868593564331e-17,-0.022165196858081777,-0.13783199939550927
1257,-2.9749436668714146e-15,9.312892658201405e-16,-4.754428189160429e-15,5.565698899766236e-16,-2.800658639078188e-15,1.7700851752503318e-16,-2.220446049250313e-16,1.7763568394002505e-15,-1.5543122344752192e-15,3.8725523685746227e-16,-1.4592573502477966e-15,8.183029129118802e-17,-0.10156297292709732,-0.12174244066304957
1258,-3.322808891177331e-15,-9.744768476541446e-16,-7.774313262185549e-16,-1.7452393621330634e-15,-6.377190395477425e-16,6.781636009622927e-16,-7.771561172376096e-16,-8.881784197001252e-16,4.440892098500626e-16,-2.027721474874035e-15,-5.272806632384433e-16,-5.88797643566868e-16,-0.10156297292709729,-0.12174244066304957
1259,-7.01757953468196e-15,-1.4826636826036415e-14,-1.905397304431694e-15,3.290651360865564e-15,1.3568073708536719e-15,1.2182184273478968e-15,-4.440892098500626e-16,-1.3322676295501878e-15,1.9984014443252818e-15,1.6277590282215159e-15,-3.111277967726082e-16,1.086396327875482e-15,-0.1015629729270973,-0.1217424406630496
1260,1.6811137953757182e-16,1.7520902485778804e-15,-2.0241955803572617e-15,-5.883703781126844e-16,-3.642616358037061e-16,6.486458486728711e-16,-2.220446049250313e-16,2.220446049250313e-16,-1.4432899320127035e-15,-2.661671560821421e-16,-1.5592121507788136e-16,2.867881318680484e-16,-0.10156297292709729,-0.1217424406630496
1261,-3.3632665179448933e-15,-3.324483862217522e-15,-6.755302634006294e-15,-2.169950953369554e-16,2.1920221622840218e-15,-1.0263191847854052e-15,1.7763568394002505e-15,0.0,-1.2212453270876722e-15,2.395413202066556e-15,-1.3901522823411635e-15,1.266523676889254e-15,-0.06758610609521476,-0.06071277074500328
1262,-2.3570616612853157e-15,-8.149707211231573e-16,4.759765574725848e-16,-1.2346988992448786e-15,-6.4762491988316e-16,-1.1175407519112874e-16,-2.220446049250313e-16,0.0,1.1102230246251565e-15,-9.199103683000581e-16,1.4715337242100226e-16,-8.386464248186173e-16,-0.1015629729270973,-0.1217424406630496
1263,-6.465008918132491e-15,-6.47605990754454e-16,-4.527986371791328e-15,-4.306349102209509e-15,8.819995409057706e-16,-4.742091279834762e-15,1.1102230246251565e-15,2.220446049250313e-16,2.220446049250313e-15,-3.966511549966152e-15,-2.3423107289309577e-15,-7.209646652848557e-16,-0.09605056623234307,-0.07386900565165995
1264,-1.0502718900568091e-14,-1.0971207209145596e-14,4.023981258263964e-15,7.680033093317497e-15,7.76128982956349e-15,-2.919653995228247e-15,1.1102230246251565e-15,3.3306690738754696e-15,1.5543122344752192e-15,1.2967623766119295e-15,7.171944997412829e-15,-4.211289507224919e-15,-0.09001554064630239,-0.10100079947568119
1265,-1.6682668629237885e-15,1.6803234808938027e-15,-5.071275952663615e-15,-5.464105641967122e-16,-1.1457265019412686e-16,3.014445483458078e-16,4.440892098500626e-16,1.5543122344752192e-15,-2.1094237467877974e-15,-8.044384295742983e-16,2.855575255663906e-16,-1.8700136349513921e-16,0.0,0.0
1266,-3.0347366269116552e-15,-1.8072023782429703e-15,-9.106996067005052e-15,8.160744018846938e-16,-2.1967039610768403e-16,1.7962905056594575e-15,6.661338147750939e-16,1.3322676295501878e-15,-2.220446049250313e-15,-2.368444296662535e-16,3.490285515370883e-16,8.796063621240007e-16,0.0,0.0
1267,-5.409939270512754e-15,-3.1265995521916674e-15,-2.191943400883152e-15,-1.185524629672016e-15,-7.332640436822675e-17,1.3844298550705888e-15,-9.992007221626409e-16,2.220446049250313e-16,4.440892098500626e-16,-7.739881907755448e-16,2.337752400450689e-17,5.713925344498036e-16,0.0,0.0
1268,-9.26196482142739e-15,-9.1483333371006e-15,6.832711706626823e-15,-1.0907114477014187e-15,8.847607670680962e-16,-8.710336266367397e-16,-3.774758283725532e-15,-3.3306690738754696e-15,0.0,5.552251939573644e-16,4.54062048405138e-16,-2.6688651383479572e-15,0.0,0.0
1269,1.197173266035405e-15,5.733631089646349e-15,1.3139444645580044e-14,-2.365112354327787e-15,5.82939643600113e-15,3.958075761765328e-15,-1.1102230246251565e-16,1.7763568394002505e-15,1.7763568394002505e-15,-2.090529598417636e-15,2.0795229678849923e-15,7.305920498078725e-16,0.0,0.0
1270,-3.667029181787971e-15,-3.796316112856695e-15,-5.6021805628684155e-15,1.89494428050838e-15,2.336487853444052e-15,-4.838423964336565e-15,2.220446049250313e-16,3.1086244689504383e-15,-2.220446049250313e-15,-1.623301118971838e-15,-3.7985168310701875e-16,7.28749690279923e-16,-0.08462360035302204,0.038687153840737454
1271,-2.0468083731473904e-14,-3.007190374788302e-14,-1.3677144691132977e-14,6.605602423121476e-15,1.4328864437479974e-14,-1.2998215737685966e-14,-1.7763568394002505e-15,-1.6653345369377348e-15,-4.218847493575595e-15,8.980971289252487e-16,3.388409645884263e-15,-2.295667657553906e-15,-0.08113400437712698,0.03887401496275847
1272,8.40078167521959e-15,4.198616100292804e-15,2.2811961638768336e-15,-2.6280009297808236e-15,1.427659154867878e-14,-3.3114655807212924e-15,-5.551115123125783e-16,1.3322676295501878e-15,2.4424906541753444e-15,-7.954763319182512e-16,5.381728914104222e-15,-3.7360073335066146e-16,-0.07156352271087842,0.039386495764200856
1273,-6.240498338114396e-15,4.831404529201491e-15,-6.484374556241419e-15,-2.316492229381293e-15,-1.0910911375235403e-14,1.4913761797051239e-15,-9.880984919163893e-15,-1.1102230246251565e-16,-2.6645352591003757e-15,-4.181040706222314e-15,-7.135850609006774e-15,5.225788862582239e-16,0.0,0.0
1274,-8.311409568331774e-16,1.2956145954274846e-15,-1.6388727843551694e-15,-8.605604214162237e-16,4.204460945802977e-15,-5.680297761248018e-16,-8.881784197001252e-16,6.661338147750939e-16,2.220446049250313e-16,1.1154036509230764e-16,1.7131660738686294e-15,-1.1162144245906055e-16,-0.0061975512807681,-0.08517889773978608
1275,1.1201787808412364e-15,-1.9787783009549363e-15,-7.597831934595701e-16,-1.8148607584858682e-15,4.685379045139637e-15,2.299375126566594e-15,1.7763568394002505e-15,-9.992007221626409e-16,-5.551115123125783e-16,-2.8802891679982926e-16,1.6429628336480187e-15,1.0208303372091284e-15,0.0293961760301685,-0.042933732414004507
1276,6.194902537688329e-15,6.983794897004486e-16,2.792155685277826e-15,-1.5948904797190648e-15,1.1319606298072675e-15,1.0820034406283916e-15,-1.6653345369377348e-15,-2.6645352591003757e-15,-9.992007221626409e-16,-5.969183282751314e-16,1.0811895008758971e-15,1.879118528530958e-16,0.02065823983787814,-0.04952516846533575
1277,2.099906809980341e-14,1.422964566269846e-15,-1.828486107080269e-15,-1.3242967619118941e-14,-1.2318544025638631e-15,7.203928454547822e-16,8.659739592076221e-15,-3.1086244689504383e-15,-4.6629367034256575e-15,-4.547698676497507e-15,3.5054353871324713e-15,-1.9697623806216593e-15,-0.016293671282531435,-0.06485701475259827
1278,-6.3472908539081e-15,-2.3578373927001077e-16,-1.7052182055607541e-15,-2.434648410812573e-15,-1.5699099031330977e-15,-9.543579148628926e-16,-1.1102230246251565e-15,-8.881784197001252e-16,1.1102230246251565e-15,-8.643081316949437e-16,3.3005506960262885e-17,-1.4813224489992313e-15,0.0010379376058903054,-0.0503537014999179
1279,1.851648415350224e-16,-2.0265092281078698e-15,-7.57683755587007e-15,-3.820575415942577e-16,3.264740943136812e-15,1.8167334653988205e-15,1.1102230246251565e-15,0.0,-2.4424906541753444e-15,5.4608719795380313e-17,9.766293020497213e-16,3.8073097258878684e-16,-0.0061975512807681,-0.0851788977397861
1280,-1.0417177078430126e-15,1.193586189554915e-15,-2.1123883192638475e-15,-8.722827794268773e-16,1.5348170390630217e-15,7.223910065809262e-16,0.0,8.881784197001252e-16,-1.3322676295501878e-15,-5.893493837943338e-16,9.704347862737585e-16,3.5760340128211316e-16,0.0293961760301685,-0.04293373241400449
1281,-3.610449990258345e-15,3.1798532182322644e-16,-1.0971692211447003e-16,-1.8756471085138817e-15,5.295390438226557e-15,-5.445491378220406e-16,-1.1102230246251565e-15,0.0,0.0,-1.237987304845233e-15,2.6037643340380527e-15,0.0,0.0,0.0
1282,-9.09764046222078e-15,-5.066428263503519e-15,1.1149740470578852e-15,3.572788752430482e-15,4.346718050466166e-15,-2.188068977746263e-15,-1.1102230246251565e-15,1.7763568394002505e-15,1.7763568394002505e-15,-1.0289729068657682e-15,3.482943710245257e-15,-1.3777316953438101e-15,-0.004550537213694524,-0.0771622189249878
1283,1.6924777200208398e-15,1.5540803163647066e-15,4.442862356968828e-16,-1.2049914815948162e-15,8.965340111394055e-17,-6.282950471171935e-18,2.220446049250313e-16,2.220446049250313e-16,-3.3306690738754696e-16,-5.1752885669152245e-16,4.49052614134995e-17,-2.538771748699836e-17,-0.0061975512807681,-0.0851788977397861
1284,-4.897200822867753e-15,-1.0083511294351778e-14,-3.3928706210619962e-15,-9.771882647367864e-15,-2.1187422864036508e-15,-5.7938864448520316e-15,-5.551115123125783e-16,1.9984014443252818e-15,4.440892098500626e-16,-3.1952177727645704e-15,-6.09307712132265e-16,-1.2393396046804806e-15,0.029396176030168492,-0.042933732414004486
1285,2.2258573320435336e-16,2.4924496057831675e-15,-7.996527867898343e-15,-4.362911411048915e-15,-4.080705391144193e-16,-2.184262404589815e-15,-7.771561172376096e-16,-1.7763568394002505e-15,-4.107825191113079e-15,-6.563846360902646e-15,-2.5247471874610417e-15,-4.721417738380763e-15,0.0,0.0
1286,-1.0443931885063688e-14,1.8417049831354207e-14,-3.1261237932393142e-15,6.323783102168615e-15,1.0663859872205333e-14,-1.3539285143814574e-14,-6.5503158452884236e-15,-6.661338147750939e-16,4.884981308350689e-15,-4.581013991723814e-16,2.581036941522595e-15,-4.576732349153843e-15,-0.011161146706601923,-0.0751879699950764
1287,-3.312082784484874e-15,-7.975019487910473e-15,-2.521957267880293e-15,3.2012305545009174e-16,-6.212214337164987e-16,2.243442341170354e-16,1.7763568394002505e-15,-5.551115123125783e-16,3.552713678800501e-15,1.6006152772504498e-16,1.0581978157526182e-15,-4.0378690728422067e-16,0.029396176030168496,-0.04293373241400449
1288,4.050688888240472e-15,-4.5203741521993825e-14,-4.5203741521997005e-14,2.185716072861436e-14,-3.8901760058004e-14,-2.2620429383547566e-28,3.708144902248023e-14,0.0,0.0,1.0928580364307135e-14,1.4276276231095415e-14,0.0,0.0008867616343173697,-0.045396404047511156
1289,1.1336741311718791e-14,-3.6788636557537796e-15,-1.8877819918365914e-14,1.4699218705552866e-14,-9.14128158353226e-15,-2.7831178622183066e-15,1.0436096431476471e-14,9.547918011776346e-15,-9.880984919163893e-15,1.0861534728296911e-14,9.334095655438474e-16,8.317728662382075e-16,-0.017538654308681376,-0.06235106203273804
1290,-8.785979888706083e-15,-2.591715453877486e-14,-3.6046493066659506e-14,-7.683198587998559e-15,1.4541408044315693e-14,8.554688939056237e-15,-3.3306690738754696e-16,0.0,0.0,-4.840290008116783e-17,2.7879134142577834e-15,0.0,-0.021693478383878462,-0.05398806231861428
1291,-8.478920150497267e-16,-1.6583434815417722e-14,-8.592663186706235e-14,-1.6809001642239823e-15,-2.4947025961416812e-14,2.3480163337632932e-29,-2.7755575615628914e-15,0.0,0.0,-8.404500821119918e-16,5.489111456637855e-15,0.0,-0.018956921921625323,-0.08326723470116708
1292,8.045638878909134e-15,7.821826216440132e-15,-6.054384682135795e-16,-8.233148437718511e-15,-4.152871812816627e-15,5.183713223208956e-15,3.552713678800501e-15,2.886579864025407e-15,4.440892098500626e-16,-2.4092415708675752e-15,-2.6664151840649037e-15,2.166443391729711e-15,-0.057971187653818784,-0.0755099783182217
1293,-4.6823624063163566e-15,-3.844195122918905e-15,-3.874700705998821e-15,-3.4241135366343955e-16,1.7375686846797073e-15,-7.371239605485132e-17,-3.3306690738754696e-16,0.0,0.0,-1.7964215113511548e-16,8.695471114817341e-16,0.0,-0.04309643010395842,-0.06445001696492123
1294,-1.229952730809772e-15,-2.1742860744824958e-15,-2.2314160672713074e-15,-6.945842794527403e-16,1.5337571770802824e-15,-6.506615680044587e-17,2.220446049250313e-16,0.0,0.0,-3.9157451828716386e-16,8.349994417594844e-16,0.0,-0.1031138568425547,-0.07581750999728978
1295,-3.4593695449933465e-15,-2.874149433118693e-15,-2.956755715803955e-15,-9.629477780743406e-16,1.7212281601539814e-15,-7.301918649933778e-17,0.0,0.0,0.0,-4.924553496473683e-16,8.57547014786683e-16,0.0,-0.027906765525022196,-0.04751632626433839
1296,-2.2489101203056265e-15,-1.0029273824934138e-15,-1.38398912290879e-15,-1.0436908840039318e-15,8.939519734543356e-16,-6.279025594092772e-18,-3.3306690738754696e-16,2.220446049250313e-16,-1.1102230246251565e-16,-5.352364009251918e-16,4.83046359496498e-16,1.676455515912641e-17,-0.09441926343910931,-0.05741853794390838
1297,-1.0204563335742405e-15,7.03067392774793e-16,1.5176456969066746e-16,-1.852135937659444e-15,1.9822739302292203e-15,-2.220775670908591e-16,-1.1102230246251565e-16,0.0,0.0,-5.887907485302286e-16,1.251645224819805e-15,0.0,-0.12228824186543084,-0.10529243561976226
1298,1.3589199999107591e-15,2.159371891827374e-15,-1.569381524102403e-15,-7.442846728930125e-16,-5.546113230158153e-16,7.404024366482748e-16,6.661338147750939e-16,6.661338147750939e-16,-1.3322676295501878e-15,4.199036223113601e-17,6.243446038639856e-17,-1.6434209273734953e-16,-0.07051799910770883,-0.10483377137292313
1299,-1.1792999089761566e-15,-2.3143917357258217e-15,-5.32707960806755e-15,7.739586433428696e-16,-2.5005424123332665e-16,-4.4675953077055455e-15,-1.7763568394002505e-15,3.1086244689504383e-15,-1.9984014443252818e-15,8.956099102651022e-16,-1.1371952751331177e-16,5.413710957700495e-17,-0.11766188284033771,-0.10044597383281836
1300,2.669398451231003e-15,7.982285776538603e-15,1.3137397261437192e-16,-2.74785778886932e-15,-1.3247960435988648e-15,5.000460625469564e-16,8.881784197001252e-16,-3.3306690738754696e-16,-7.771561172376096e-16,-7.965741492487495e-16,-3.1286428789051695e-16,-8.003351179751915e-16,-0.13038889408276713,-0.0921953141157788
1301,4.4406336734868716e-15,3.824307358894645e-15,-4.6838351946655696e-15,-1.3103206371786554e-15,1.8001539799397124e-15,2.6022176494664886e-15,3.3306690738754696e-15,3.3306690738754696e-15,-1.887379141862766e-15,-1.7169350239057919e-15,1.1595369280643214e-15,8.324376044422527e-16,-0.1101516730779574,-0.08965810921581772
1302,-3.488341419794751e-16,3.7387338894664807e-16,5.633190844387595e-16,-6.210468447315398e-16,-5.163836171451063e-16,-1.2121098446171304e-15,-3.3306690738754696e-16,-1.9984014443252818e-15,2.220446049250313e-16,-1.160892406358482e-15,-3.187395661823469e-17,-7.687639694949759e-16,-0.13499507527603882,-0.09520680178260155
1303,-1.340648451741671e-16,2.0681849124494477e-15,9.571779700139128e-16,-4.40934842005989e-16,4.767164725728194e-16,-4.2509826862272297e-16,-3.3306690738754696e-16,2.220446049250313e-16,0.0,-1.776851188528842e-16,3.333804206106739e-16,-1.701395876700499e-16,0.0,0.0
1304,1.7794416939823656e-15,1.5070793862084924e-15,3.2944414584807416e-16,-5.800396402434837e-16,-1.1563257553808042e-16,1.7342438347393336e-16,4.440892098500626e-16,2.220446049250313e-16,-3.3306690738754696e-16,-1.9426195359017724e-16,-6.806405090618964e-17,8.329885293590035e-17,0.0,0.0
1305,-9.03385695032909e-16,-1.2669801478136666e-15,-2.1092371428291306e-15,-1.607596337846975e-15,3.578740110882287e-17,7.80480611045325e-16,6.661338147750939e-16,4.440892098500626e-16,-7.771561172376096e-16,-7.128586574137676e-16,2.6446061486231625e-17,3.267881194817729e-16,0.029396176030168503,-0.0429337324140045
1306,-3.3679037666481678e-15,-2.7894654804273944e-14,-1.884334218014891e-14,-8.193054832173272e-15,-5.513103694530532e-15,1.2069622404372976e-14,-6.328271240363392e-15,-1.199040866595169e-14,-5.773159728050814e-15,-3.554763096418656e-15,-4.731904546107085e-15,8.11421772751468e-16,-0.05987741542316741,0.0400122642299269
1307,8.592768182788884e-16,1.2021994101325439e-14,-5.934630046940344e-15,-2.3053119192637853e-15,5.333756289925659e-16,-3.981023625318572e-15,4.218847493575595e-15,2.220446049250313e-15,-2.1094237467877974e-15,-4.823574095030805e-15,1.930323045542906e-15,-2.7677926876978817e-15,0.029396176030168492,-0.0429337324140045
1308,-1.4843651333873336e-14,1.3073045652283601e-14,-7.928062393577375e-15,-3.215291100901512e-15,8.588133985202482e-15,3.608489279698054e-15,7.105427357601002e-15,-8.881784197001252e-16,-6.106226635438361e-15,1.4571247958261622e-15,3.761878341675213e-16,-3.57628107972277e-15,-0.0783192350255435,0.039024740422926495
1309,9.806964472297294e-15,2.587007836618986e-14,3.309854599301294e-14,-1.71272618818036e-14,-1.0619120284350046e-14,3.021980004144846e-14,5.551115123125783e-15,1.7763568394002505e-14,1.021405182655144e-14,-6.715781219022242e-15,-2.7815004379667097e-15,1.4304502534243726e-14,0.029396176030168503,-0.0429337324140045
1310,-1.837295772363394e-15,1.2583281445225204e-14,-1.727689806221506e-14,1.3366915869435793e-14,-4.065037753720373e-15,-4.52549643549205e-16,-2.886579864025407e-15,-2.220446049250313e-15,-6.772360450213455e-15,2.2255131557752223e-15,-2.1503249201580985e-15,-1.8643152956711967e-15,-0.07061620615921621,0.03943722273516696
1311,-7.368125443115143e-15,-1.62340657049455e-15,2.5140441182437505e-16,-4.879615192448297e-15,-3.3004705920835383e-15,-5.607518826991404e-15,2.220446049250313e-16,-1.3322676295501878e-15,1.3322676295501878e-15,-2.5361126074182965e-15,3.0777927590034744e-16,-2.1571822678495783e-15,0.029396176030168503,-0.042933732414004507
1312,4.979873138646635e-16,1.213661257824832e-14,5.455117896912324e-15,9.080338157880811e-16,1.736163091110514e-15,7.185347621125184e-15,-8.881784197001252e-16,2.4424906541753444e-15,6.661338147750939e-16,-7.014551340963064e-16,8.13486282804697e-16,1.1913956831184766e-15,0.004100852359890706,-0.044379505485997346
1313,5.787879825121371e-15,-3.006626479266309e-14,6.978075204205318e-15,-9.804502273881822e-15,-9.140627570581102e-15,4.556646019135569e-15,3.3306690738754696e-15,-4.440892098500626e-16,-5.329070518200751e-15,1.0541381364322994e-15,2.98188971744685e-15,-1.141902453333963e-15,-0.04224319671883909,0.02362793576665309
1314,-3.616628072912803e-15,-4.206826631920443e-15,-4.3882471085666626e-15,1.1472943654708006e-15,-9.895438802891222e-16,3.828576323691297e-15,-1.7763568394002505e-15,1.9984014443252818e-15,8.881784197001252e-16,-1.053677670561936e-15,-6.90389167734602e-16,7.553221724584201e-16,-0.0059618219216358405,-0.2836100111250165
1315,-1.0080688499853256e-15,1.3171373163438222e-15,2.4322084424588133e-14,2.803582005443425e-16,-3.617092238834655e-15,-4.81337027087916e-15,-1.4432899320127035e-15,-1.4432899320127035e-15,5.995204332975845e-15,-1.7779316957903303e-15,9.317965879378558e-16,-4.567378977432516e-16,0.0,0.0
1316,9.277281778163587e-15,-9.367700483880722e-16,-2.491979765655146e-15,-4.0468823460940765e-16,-4.626281717006284e-15,-4.468799953036408e-15,6.439293542825908e-15,1.3322676295501878e-15,-1.1324274851176597e-14,-2.0234411730474822e-16,-5.432307865742207e-16,-4.391168917887182e-15,-0.018883030498799167,-0.22492301532969988
1317,3.0522627808946396e-15,8.08881194886239e-15,-4.466075862425573e-15,-1.6229490427552145e-15,-2.2636846766476966e-14,-6.666587725087334e-15,-9.2148511043888e-15,1.1102230246251565e-15,-1.9984014443252818e-15,-5.410165982097333e-15,-8.169575801964674e-15,-2.823746154261746e-15,-0.025623080284046,-0.0460783990036489
1318,9.668375967181201e-15,-3.484015388679133e-15,4.166249509066203e-15,-1.228287352498644e-15,-4.541492406301078e-15,-2.4129523967132e-16,5.773159728050814e-15,-6.661338147750939e-16,1.7763568394002505e-15,6.87654439367987e-16,-1.0089639994963938e-15,-4.457084591875663e-16,0.0,0.0
1319,6.339499992974365e-15,1.8641411453083686e-14,-6.703362981441616e-15,7.582797127467778e-15,7.289976172949243e-15,6.5000028276974596e-15,3.774758283725532e-15,-6.5503158452884236e-15,-6.217248937900877e-15,-5.494342149550988e-15,-6.132987679951712e-15,-1.0681282759693846e-14,-0.0061975512807681,-0.0851788977397861
1320,2.27541353347646e-14,-6.412489093165762e-15,-7.085498856216929e-15,-1.3520120525828773e-14,-1.5235099568987775e-14,-6.160910625057369e-15,6.661338147750939e-15,4.884981308350689e-15,-7.549516567451064e-15,-5.749662279970289e-15,-9.538949680687684e-16,5.95332051555172e-16,-0.1638446391889027,-0.07230840305613315
1321,-1.7388796786760076e-15,-7.538417995631956e-16,-8.05657378789922e-15,-8.588527981308197e-16,-7.024925326123051e-16,-4.163592999942309e-15,1.9984014443252818e-15,-4.440892098500626e-16,-1.3322676295501878e-15,1.677416764969406e-16,-1.6657290271015978e-15,-3.297398446275823e-15,-0.097131430272989,-0.07617255552447898
1322,3.0503366066735767e-15,6.901617062859944e-15,4.4284228661384636e-16,-7.046476193114657e-15,3.976986745131826e-15,-1.1091826510203436e-15,8.881784197001252e-16,6.661338147750939e-16,-3.3306690738754696e-16,-2.9139910987037036e-15,1.486943592474493e-15,7.407673784634523e-16,0.0,0.0
1323,-1.621775212385376e-16,-1.0439455873621325e-15,-6.012104258545662e-15,-8.657696193231959e-16,-3.834324812928933e-15,-9.70469152198079e-16,2.220446049250313e-15,8.881784197001252e-16,-2.3314683517128287e-15,-2.6740392865379674e-16,-1.1427402873237875e-15,-6.132053695094019e-16,0.0,0.0
1324,-1.7379770342298044e-15,-1.0511609932293395e-14,-2.3141900113971782e-14,-1.558533338553799e-14,-2.276934105920565e-15,-2.9140608283871856e-14,-1.5543122344752192e-15,2.4424906541753444e-15,-4.773959005888173e-15,-4.260707122996609e-16,2.182875961800576e-15,-3.558104963068251e-15,-0.17150293542941836,-0.06622988064205446
1325,2.38679261707449e-14,-3.464122249880258e-14,7.817497961209416e-15,-3.1546361232678185e-14,2.4163113683099443e-14,4.330711880944011e-15,2.220446049250313e-15,-4.218847493575595e-15,2.4424906541753444e-15,-4.1230667430894814e-15,5.1446026360591045e-15,1.0182701115053557e-15,-0.135168617183455,-0.09506905856389052
1326,2.3869808431462804e-15,1.3075709271825846e-15,1.4687766683951684e-15,1.198832859202372e-15,3.605083465475621e-17,-1.539937086684708e-15,6.661338147750939e-16,-3.1086244689504383e-15,0.0,-1.87237692513139e-15,2.3864478764104754e-16,-4.342966983988757e-16,0.0,0.0
1327,-5.611114994550086e-15,-1.4262933992922176e-15,4.2144787780488015e-15,2.7827577591974522e-15,2.352386770092541e-16,1.5638451510124342e-15,-2.3314683517128287e-15,-1.1102230246251565e-15,1.1102230246251565e-15,1.1711377824872697e-15,1.1560397099670369e-15,9.335785442889495e-16,0.0,0.0
1328,-6.847627209134153e-15,-2.711924017422636e-14,1.7319284946216197e-14,-2.5528608508979532e-14,3.476149977866779e-14,7.033220326743963e-15,6.217248937900877e-15,-5.662137425588298e-15,-3.8968828164342995e-14,-3.2451086023133147e-15,-2.7504980108613722e-15,1.658000888537078e-14,0.0,0.0
1329,-6.5287077175235676e-15,1.2028557985235292e-15,2.4735387963487413e-15,1.3718618181146467e-15,8.278557753300667e-17,3.309940418114457e-15,-1.1102230246251565e-15,-3.3306690738754696e-16,2.220446049250313e-16,9.861678947818297e-16,9.727750173263809e-16,1.6812162279858271e-15,-0.027144673683912365,-0.04330175258659186
1330,-9.88932228928582e-15,-8.596733802316053e-15,-4.076727015839019e-15,2.0200719662337594e-16,-1.3163468720912924e-16,1.0723468034282605e-15,0.0,-2.4424906541753444e-15,1.5543122344752192e-15,3.969295303433902e-15,-1.130412485306708e-15,2.0099290588959928e-15,-0.03815408515408499,-0.023211468996214457
1331,4.307470466861661e-15,-7.820502709140685e-15,2.041058853708504e-15,-2.8568823777422836e-15,4.8769941900530056e-15,6.819777983472601e-16,3.552713678800501e-15,-3.9968028886505635e-15,1.5543122344752192e-15,-1.6370919960340495e-15,1.995612380475106e-15,-3.502147672840202e-16,-0.025623080284045998,-0.0460783990036489
1332,6.35553005030624e-15,3.723051143791652e-16,-3.6846295801690436e-15,6.519414049170158e-16,1.7383678808598573e-15,9.28954574178284e-16,2.886579864025407e-15,8.881784197001252e-16,-2.55351295663786e-15,1.7153538725598953e-16,4.143158554470773e-16,4.595352048741945e-16,-0.02883130673618366,-0.04022393717158647
1333,-4.208614950306082e-15,-6.171054368713022e-15,-7.362605315204896e-15,-5.274302272905297e-16,2.1123381088209932e-16,-2.725369162322847e-15,2.220446049250313e-16,-1.3322676295501878e-15,-2.3314683517128287e-15,-5.781410532298582e-16,9.221748284774579e-16,-2.0462020764855426e-15,-0.04239730183527239,-0.0154683278944914
1334,5.154322212680318e-15,3.8020138595368155e-14,-2.6971440192875736e-16,-2.965475513151853e-15,5.423880650292509e-15,-4.147314014747562e-15,5.551115123125783e-15,6.8833827526759706e-15,3.3306690738754696e-15,-2.793834589391488e-15,4.207098824079326e-15,-4.912704818778949e-15,-0.042397301835272384,-0.015468327894491396
1335,-5.903596066328821e-15,6.548596973244445e-15,3.0594589409681232e-15,6.90120883635075e-16,-5.483866453113463e-16,3.2113770447997294e-15,-2.3314683517128287e-15,3.552713678800501e-15,2.6645352591003757e-15,2.801967063935492e-16,3.6369836652798164e-16,1.5980141945797392e-15,-0.05180737844792137,-0.03237082430227081
1336,-5.520157515356712e-16,-9.211314761181721e-15,-4.4079669067809366e-15,6.0761566014649355e-15,9.631278605532884e-16,-6.128374858969568e-15,1.3322676295501878e-15,2.220446049250313e-16,1.7763568394002505e-15,3.5365493937412253e-16,-2.969778357401324e-15,1.0667020209724862e-17,-0.04627242151230292,-0.04119914563091496
1337,-1.0686950750661273e-14,-3.3498245795353625e-15,-3.547863124816995e-15,-4.986293785700695e-15,4.9854301098470645e-15,1.0347587719458078e-14,-1.2212453270876722e-15,-3.1086244689504383e-15,-9.992007221626409e-16,-3.758269243644419e-15,-4.319168585282698e-15,-6.067782416217011e-16,-0.024966691717854102,-0.04739960473752985
1338,-2.0028587979905844e-14,-2.9639177376452445e-15,-7.839093834394613e-15,5.853678715263573e-15,-1.1550044581719461e-14,8.76725521072344e-15,-5.662137425588298e-15,-1.6653345369377348e-15,1.021405182655144e-14,3.928896225747212e-15,1.7877036643673197e-15,2.8124647375155645e-15,-0.02501475704026378,-0.06222002118789309
1339,3.672060604068627e-15,4.790851038191094e-15,-1.9468634130452033e-16,-4.350329317105761e-15,3.0463027120288813e-15,-1.7698560280531026e-15,4.440892098500626e-16,6.661338147750939e-16,-1.3322676295501878e-15,-1.527851943196698e-15,4.728980698168784e-16,-3.112621196206605e-17,-0.04937385961227819,-0.027999707565300548
1340,-3.4449657808556183e-15,9.436006267317844e-16,-3.003275897194842e-15,-2.2326512400812664e-15,-6.062371020215169e-16,1.1512661081482518e-16,-7.771561172376096e-16,6.661338147750939e-16,-6.661338147750939e-16,-1.055971652023864e-15,1.9515249148192986e-16,7.439510600246773e-17,-0.042397301835272405,-0.015468327894491398
1341,5.680315292113514e-15,2.9448125796013134e-15,-2.11954284026665e-15,-3.0317562500656775e-15,1.2564695390330466e-15,4.814650904919753e-16,1.1102230246251565e-15,0.0,-1.9984014443252818e-15,-1.1216214932526772e-15,1.145030713636452e-17,6.95935636584542e-16,-0.0423973018352724,-0.0154683278944914
1342,-4.992381875825939e-15,-6.960463563655911e-15,-2.0881029652695423e-15,-5.943565853810988e-15,-3.3132262161667903e-15,-5.819678048131669e-15,-1.887379141862766e-15,3.774758283725532e-15,-1.9984014443252818e-15,1.4728634771339303e-16,-1.751802653151896e-15,-1.164195614999105e-15,-0.043628045765358364,-0.017679005417478993
1343,-2.1777709145007833e-15,-4.112807375698518e-15,6.9113706954441366e-15,-6.398164587766447e-15,1.1498172206284294e-14,2.495227352548123e-15,-7.771561172376096e-16,-1.4432899320127035e-15,6.8833827526759706e-15,-2.467594881441508e-15,5.180315336645744e-15,1.1112109220675522e-15,-0.09052641516041926,-0.04076692765839185
1344,-8.175365523362349e-15,8.493292192087325e-16,7.634316995214559e-16,1.3257022293334118e-15,3.6386898569721885e-15,-1.1390672370110803e-15,-1.2212453270876722e-15,2.220446049250313e-16,1.5543122344752192e-15,3.956728963215055e-16,-2.409584243205572e-16,-6.7540014539398895e-16,-0.13070002191367752,-0.08565421239524355
1345,8.597788714532072e-16,2.3688725103664512e-15,-7.170013276282757e-15,-2.198717523798506e-15,-7.730649857400904e-15,-2.579919040002359e-15,6.661338147750939e-16,6.661338147750939e-16,-3.774758283725532e-15,-1.9413472032415143e-15,-3.9661153970039496e-15,-2.62268826153269e-15,-0.07614900515208387,-0.04110195974436006
1346,-3.786831808251643e-15,1.0411668795603156e-15,-7.037287075293224e-15,-1.0694466036339565e-15,2.8087010508138117e-15,1.936292132943847e-15,-4.440892098500626e-16,1.9984014443252818e-15,-1.5543122344752192e-15,-7.793050025595185e-16,1.2852617271874852e-15,1.1135558019027233e-15,-0.03023878867446573,-0.28228595627445985
1347,3.418412031104989e-16,-2.4849988574049247e-15,3.9874775937970766e-16,3.138435924273182e-15,6.315808047532377e-16,-4.855242389751112e-15,-4.440892098500626e-16,-1.5543122344752192e-15,6.661338147750939e-16,1.3929840892898793e-15,-2.934930597076537e-16,-1.5306768989484054e-15,-0.014484913734677802,-0.3416253439917506
1348,-5.195867891741656e-16,9.404943107558167e-16,-5.26090292104384e-16,-1.6400710476652638e-15,5.897645633490128e-16,-1.3486976946790765e-16,0.0,2.220446049250313e-16,-4.440892098500626e-16,-7.416713428981315e-16,4.1866805120515648e-16,-7.182993274201345e-17,-0.07798218822170816,-0.03950403681014848
1349,2.439854992147635e-15,1.3682365452196413e-15,6.51175277321794e-16,-1.341696643896452e-15,-2.0028826470446669e-16,4.768824533820503e-16,4.440892098500626e-16,0.0,-2.220446049250313e-16,-6.069928129081234e-16,2.5804926654679083e-17,1.5868474633584814e-16,-0.08004251930218145,0.03893246187958849
1350,2.4994056259741034e-16,1.8991594528825987e-15,1.1871090426017623e-15,-1.6328931951828943e-15,2.8804222396264375e-16,-3.4522283512674347e-16,-5.551115123125783e-16,2.220446049250313e-16,0.0,-7.835636915043632e-16,1.6120823204712938e-16,-1.7371231257855905e-16,-0.09301446005786826,-0.15374703605984572
1351,1.6962756841693634e-16,-6.26966597440897e-15,-9.405954562082387e-16,1.847692807235977e-15,1.926970621758835e-15,2.012737466946099e-16,4.440892098500626e-16,-2.7755575615628914e-15,-1.1102230246251565e-16,9.23846403617993e-16,9.63485310879416e-16,1.0063687334730294e-16,-0.1015629729270973,-0.12174244066304961
1352,1.0084392554606516e-14,-2.298520921511915e-15,-2.712745550175691e-14,1.3671251440249009e-14,-1.2519381676173631e-14,-1.5345303887999528e-14,1.0658141036401503e-14,7.771561172376096e-15,-7.993605777301127e-15,1.0376571728122214e-14,2.0987167794855468e-16,7.492634816877656e-16,-0.13813441671773113,-0.09271505208796087
1353,7.957520669537995e-16,-4.975904626132153e-16,-9.681669860836612e-16,1.5686991916839528e-15,6.428681539354282e-16,-3.167375950429212e-15,4.440892098500626e-16,0.0,4.440892098500626e-16,8.034334948629893e-16,3.548626491462235e-16,-1.5433323720925237e-15,-0.16030292081392802,-0.07511952629432078
1354,1.134074577444233e-16,-3.9766382631446605e-16,-3.371919986432786e-16,-3.447627467474811e-16,1.883561558859391e-15,-1.1918941459338182e-16,-3.3306690738754696e-16,0.0,0.0,-1.959580707420145e-16,1.1517178570291123e-15,0.0,-0.19291022699241983,-0.04923854242481378
1355,-1.7053278979487974e-16,1.3278396102879204e-15,-1.330845504501835e-16,-7.876981606165313e-16,9.900941100490345e-16,4.3411382572182767e-17,-2.220446049250313e-16,4.440892098500626e-16,-1.1102230246251565e-16,-3.646545243728126e-16,5.331293032594803e-16,2.4744748770890964e-17,0.0,0.0
1356,-2.5097335098235236e-15,-2.072970982695039e-15,-2.0693076413342447e-15,5.251867280864786e-17,1.765674762235349e-15,-7.490473241461318e-17,-2.220446049250313e-16,0.0,0.0,2.0869508206687995e-17,8.835963791185409e-16,0.0,-0.1015629729270973,-0.12174244066304961
1357,-5.739680510551803e-16,-5.796451870899917e-16,-1.3310918610805317e-15,-1.0852571858614887e-15,1.6820150725403299e-15,-6.862516504317668e-16,2.220446049250313e-16,2.220446049250313e-16,-1.1102230246251565e-16,-4.2957278330417476e-16,1.0065941147107209e-15,-3.458206286478274e-16,-0.1015629729270973,-0.12174244066304958
1358,-5.293670374828998e-14,-6.590094702951082e-15,-9.92519362015894e-14,-2.5446411388575137e-15,-5.883277674229222e-14,6.088936671825538e-16,-3.3306690738754696e-16,0.0,0.0,1.0998723699401635e-15,2.4294811950171254e-15,0.0,-0.10156297292709729,-0.12174244066304957
1359,-3.5228272005041675e-15,-1.1706748238971469e-15,-2.4074033366170527e-15,-2.363038642861658e-15,1.4518829492614411e-15,1.3630752829216977e-16,-1.1102230246251565e-16,8.881784197001252e-16,-4.440892098500626e-16,-4.883450478289605e-16,8.635201693241846e-16,-3.502411542963384e-16,-0.1015629729270973,-0.12174244066304958
1360,-1.3887956232910632e-15,-2.0262911934328247e-15,-7.748579064506731e-16,-1.3135241456309869e-15,1.0461228851736754e-15,-4.360192301238667e-16,0.0,0.0,0.0,-2.6206908954777903e-16,1.3702070472580368e-15,0.0,-0.3854275996175425,0.10356583179231207
1361,-2.4778951731740386e-15,-8.486014750121978e-16,-8.110957060996653e-16,-2.2194584834225214e-16,4.185448418544223e-15,-3.877385826656692e-16,-3.3306690738754696e-16,0.0,0.0,1.4600976275108117e-17,2.0978868269526296e-15,0.0,-0.1619661098175343,-0.07379942436567177
1362,1.0117780638712567e-14,-8.143961915711697e-15,5.0484273100963495e-15,1.0468384978712318e-15,-5.067025032290084e-15,-8.033453511360364e-15,-6.661338147750939e-16,4.6629367034256575e-15,-2.3314683517128287e-15,1.0864666152410383e-15,4.710118228307384e-16,-1.0379431816449117e-15,-0.042397301835272405,-0.015468327894491398
1363,8.245073496504754e-16,2.1798602419097934e-15,-2.939313446856911e-15,-1.574817657510709e-15,-1.1344565486613627e-15,-8.29580786834004e-16,6.661338147750939e-16,1.3322676295501878e-15,-1.4432899320127035e-15,-5.415465684231853e-16,-2.338763065251357e-16,-1.164960076338482e-16,-0.042397301835272405,-0.0154683278944914
1364,2.439668689872593e-15,2.5874753524337795e-16,5.156529818761351e-16,-9.553759525270291e-17,1.3918052739591018e-16,-7.029953999562307e-16,4.440892098500626e-16,0.0,-7.771561172376096e-16,2.331179037985024e-16,5.867721160390209e-17,-4.31712727762658e-16,-0.042397301835272405,-0.015468327894491402
1365,1.7114235871346176e-15,-3.140943933246999e-16,-1.511723744941056e-15,1.997884860116245e-15,-3.6792761019786395e-16,-2.4652322422480513e-15,-2.220446049250313e-16,2.220446049250313e-16,-1.6653345369377348e-15,8.406862704971494e-16,-6.306551771580831e-17,-8.546796354364368e-16,-0.042397301835272405,-0.015468327894491403
1366,2.1101155677678158e-16,-2.1760060960278178e-16,-2.9257334773075575e-15,-2.909874916335647e-16,-1.569659334762033e-15,-4.719001834558726e-16,6.661338147750939e-16,2.220446049250313e-16,-9.992007221626409e-16,-1.8023257793905284e-16,-8.230906656265468e-16,-3.50799703859182e-16,-0.0423973018352724,-0.0154683278944914
1367,-3.4113752965856825e-15,1.2337833373659202e-15,-4.09953737398992e-15,-1.647130924835252e-15,1.3252285765042569e-15,-1.6439723738839724e-15,-1.3322676295501878e-15,1.7763568394002505e-15,-7.771561172376096e-16,-1.5706608089478649e-15,-2.3182707610354057e-16,6.066058798390505e-16,-0.0423973018352724,-0.0154683278944914
1368,2.2874273610796586e-14,-4.627307536506577e-15,1.4486461870661912e-14,2.22842860635658e-15,2.0605817094247657e-14,2.0630494888487312e-15,8.659739592076221e-15,6.217248937900877e-15,5.10702591327572e-15,5.016202524631718e-15,1.2256279537389335e-14,3.3734706104015068e-15,-0.089289799148469,0.0384372879111246
1369,1.1179050517001234e-14,-2.123324856996197e-15,6.375073947226857e-15,2.9112490450369663e-15,6.224301211705033e-15,4.6961096494493764e-15,2.4424906541753444e-15,-1.9984014443252818e-15,1.7763568394002505e-15,8.366184981821524e-17,3.7660870832672875e-16,7.029906454041742e-16,0.0,0.0
1370,-2.1585210690621387e-15,6.192498018820073e-17,2.2823710294385167e-15,2.6287324536154994e-15,-1.7946549562657415e-15,5.373349346010192e-16,-2.4424906541753444e-15,-1.3322676295501878e-15,-2.220446049250313e-16,1.3143662268077519e-15,-8.973274781328727e-16,2.6866746730051487e-16,-0.08156020728962397,0.038851192620290194
1371,4.4268845026290066e-15,7.493727719450252e-15,-1.7998816422602235e-14,-4.656884201932884e-15,-6.278109968033617e-16,-3.624310980436518e-15,1.1102230246251565e-15,4.440892098500626e-16,4.6629367034256575e-15,-4.080382927418984e-15,4.315073957723861e-15,-1.5339541000202552e-16,0.0,0.0
1372,3.146906055254449e-15,3.2611284651303944e-15,4.682616627578139e-16,-8.231792382916932e-16,-1.5165587405685833e-15,-1.5698702267516804e-15,-2.55351295663786e-15,-2.220446049250313e-16,2.220446049250313e-16,-3.164712433318006e-15,-2.4231256595271927e-16,1.5110470990347396e-16,0.0,0.0
1373,1.682695089332191e-17,1.3490945804434571e-15,4.901808259243981e-15,5.2840577075349875e-16,5.309184509287658e-15,-3.571943310309729e-15,-8.881784197001252e-16,-2.220446049250313e-16,1.5543122344752192e-15,2.642028853767603e-16,2.6545922546438356e-15,-1.7859716551548777e-15,0.0,0.0
1374,1.2491349045357876e-14,-8.69124708659447e-15,-2.6719354388355304e-14,-2.4464014512787913e-16,-5.958261283297057e-15,-1.9324353511618626e-14,6.217248937900877e-15,1.3322676295501878e-15,-7.105427357601002e-15,3.943329576754629e-15,4.350752488736925e-15,4.722746323726041e-16,-0.08928979914846902,0.03843728791112461
1375,-1.2930399813066444e-16,5.859908145976432e-16,5.2503537081305645e-15,7.851262184549218e-16,-4.616781308238812e-15,-4.576953010427013e-15,8.881784197001252e-16,1.7763568394002505e-15,1.3322676295501878e-15,2.0366506219920217e-15,-2.14337516584723e-15,-2.5413152051233488e-15,-0.089289799148469,0.0384372879111246
1376,1.2203995539623841e-16,8.886686905300044e-16,-1.53143446584737e-15,-7.559325311310349e-16,-4.0545258333502597e-16,-9.5433550232776e-17,4.440892098500626e-16,8.881784197001252e-16,-5.551115123125783e-16,-3.7019711910300057e-16,-2.0787729938752795e-16,-9.909560912613021e-17,-0.10584293950168934,0.026227843956416964
1377,2.449204995872874e-15,7.629549958402336e-16,4.875705131743858e-16,-8.063277983320528e-16,-4.705228930289982e-16,4.146583720452917e-16,6.661338147750939e-16,2.220446049250313e-16,-1.1102230246251565e-16,-2.9967334320530287e-16,-1.6714994310653116e-16,1.389139320165043e-16,-0.08928979914846899,0.0384372879111246
1378,2.2594145180766657e-15,1.770021856635359e-15,1.3060206107792727e-16,-1.1131558223463124e-16,-1.9319566879371969e-16,-6.099180396525246e-16,4.440892098500626e-16,-4.440892098500626e-16,-6.661338147750939e-16,-2.6240466388430873e-16,-1.3316238308963117e-16,-3.8634582374490536e-16,0.0,0.0
1379,1.3532560357980353e-15,-2.3902583580357247e-15,-2.527222420282186e-15,1.173054635945913e-19,4.983668240456736e-16,4.085595158953643e-16,1.3322676295501878e-15,-4.440892098500626e-16,-7.771561172376096e-16,-1.7323001906348568e-16,3.728514311331459e-16,-2.379584067745282e-17,-0.1325996750637459,-0.06681785455957008
1380,5.136661533927535e-16,6.216460813264369e-16,-2.535490062982484e-16,-1.622029780197859e-15,4.706274112005081e-16,3.2481831088261774e-16,2.220446049250313e-16,2.220446049250313e-16,-2.220446049250313e-16,-7.57942310119275e-16,2.442429793064632e-16,1.7094398653879098e-16,-0.0763805732829597,-0.16159739863482114
1381,-6.578578769203679e-16,-2.2292819015310616e-14,-1.0464372199768224e-14,-2.3105030280892375e-15,-4.588401275873925e-15,9.167372858376543e-15,-2.6645352591003757e-15,-9.43689570931383e-15,-3.774758283725532e-15,-8.546672786602946e-16,-3.4892119839008574e-15,1.18457491296064e-15,-0.14431733677821065,-0.008593618238723337
1382,1.3178932986293832e-15,-4.238461257522805e-15,6.634260805410252e-15,8.00891849418228e-15,-2.2420609082627722e-14,-6.799627051994608e-15,-1.6209256159527285e-14,-1.5543122344752192e-15,8.881784197001252e-16,-3.2055605105457413e-15,-5.455103874786752e-15,-2.4080577558275553e-15,-0.029448759287327556,-0.28526172320739684
1383,-7.98056020898161e-15,-6.047802106877604e-15,-2.917723774997217e-15,3.67039411970861e-15,-5.545794328838431e-16,2.1470045189223568e-15,6.661338147750939e-16,6.661338147750939e-16,2.220446049250313e-16,-1.2504705914696945e-15,-6.991813725124553e-17,4.7951515974970196e-17,-0.042242608378766706,-0.23058205780820193
1384,5.355649516619855e-16,-3.9464749885444484e-14,1.4021918406112409e-15,1.8345619136570928e-14,-8.052659125596285e-15,4.687106311084276e-15,8.215650382226158e-15,8.215650382226158e-15,2.220446049250313e-16,-4.169433148320019e-15,-4.4491627580090115e-15,2.815679636051148e-16,-0.12029357799450188,-0.13437144751571659
1385,-2.391558591795937e-15,-1.274985225980351e-15,-1.093264351370753e-14,1.4389723031561001e-15,1.4674713268351616e-15,-8.072285043485351e-15,-6.328271240363392e-15,6.661338147750939e-16,-4.9960036108132044e-15,-2.668257901290173e-15,-4.057387975888188e-15,-6.074342017074624e-15,-0.07343986587903571,-0.19842694940743366
1386,-8.049991300694636e-15,1.042033336656996e-15,-5.0956474458438496e-15,4.515814183608142e-15,5.123464866410788e-16,-3.163264702663816e-16,-1.7763568394002505e-15,3.552713678800501e-15,-4.440892098500626e-16,-3.9602123452753715e-17,-3.707263867439191e-16,-5.42356384185374e-16,-0.01853055641886023,-0.3263868099345827
1387,1.5244838648592502e-15,2.391600954941231e-15,3.2449975478606677e-15,1.5402872328139407e-15,3.9054052467697826e-16,1.6739004437535068e-15,-1.1102230246251565e-15,1.1102230246251565e-15,-5.551115123125783e-16,1.5647128344563404e-15,1.872582074652738e-15,2.620065360543589e-15,-0.014484913734677798,-0.34162534399175054
1388,1.3134320798310844e-14,1.46480802991042e-14,6.8630081034894235e-15,2.8229183001831406e-14,-2.922191278807748e-15,-1.0692070286665186e-14,-2.6645352591003757e-15,-7.771561172376096e-16,2.6645352591003757e-15,1.1259807306512588e-15,1.2431346273190216e-15,-4.9517006014139806e-15,-0.05554111049374401,-0.1737664097471781
1389,-4.009634627143242e-14,8.359906880477664e-15,-3.5333419339325024e-14,-4.1992799016687166e-14,-8.496618899863044e-15,6.759131857350208e-14,-1.0325074129013956e-14,1.2212453270876722e-14,2.6645352591003757e-15,-4.318514283669988e-15,6.5446646602779544e-15,1.2615583474305972e-15,-0.016736128643726814,-0.28189022637323685
1390,-1.0516998219196133e-14,6.25665977861265e-15,5.6351623233255136e-15,-8.0124220389105e-15,6.547460226678066e-15,1.3055768040944347e-14,2.886579864025407e-15,3.552713678800501e-15,8.881784197001252e-16,-1.5541366940486482e-15,3.706848176130606e-15,2.4427641917262492e-15,-0.020312549114298237,-0.18699129131194983
1391,7.243264397618118e-15,5.543406597015802e-15,7.906090205825809e-15,-1.388828890765087e-14,-1.8135116683540106e-14,9.728546230507198e-15,-2.0539125955565396e-14,-3.3306690738754696e-16,1.9984014443252818e-15,-4.931818892715385e-15,-4.604026454972404e-15,3.159881377447235e-15,0.0,0.0
1392,-1.8688363179562327e-15,-8.133897303259686e-15,-3.517904085138639e-16,-8.982027356085983e-16,1.5599819372650636e-15,1.0231387770509687e-15,-1.3322676295501878e-15,-2.220446049250313e-15,1.3322676295501878e-15,-5.360792081814286e-16,1.5908204523216547e-15,7.746106062186058e-16,0.0,0.0
1393,3.853392062285005e-15,1.3476199101124523e-15,-2.2939339796751116e-16,-6.610459313381541e-16,-1.4708981724832726e-15,3.583679946368624e-16,8.881784197001252e-16,2.220446049250313e-16,-7.771561172376096e-16,-5.149515111310196e-16,-6.714105943504367e-16,2.6309110097015613e-16,0.0,0.0
1394,-5.4768142794067695e-15,-5.184750094833734e-15,1.860299554560081e-15,2.3273650926501126e-15,1.5997133363477747e-15,-6.287204044036368e-15,-2.7755575615628914e-15,3.3306690738754696e-15,-2.4424906541753444e-15,2.209905714437338e-15,1.5593453691234377e-15,-2.7088958258679492e-15,-0.01880406129382916,-0.22701843266554053
1395,-1.0379514114779094e-14,-3.647271457915494e-14,-2.604743667802511e-15,-2.2778164383486662e-14,1.9743929433931185e-14,2.799578664631124e-14,1.1102230246251565e-15,-1.1102230246251565e-15,-2.6978419498391304e-14,-1.717725954209454e-15,-5.174693049849542e-15,1.6139932359160353e-14,-0.04239730183527239,-0.0154683278944914
1396,-9.26852062817173e-15,-5.937851554296259e-15,-4.591925379639814e-14,8.363839891692523e-15,-1.876312918745358e-14,1.172093739052325e-14,-4.6629367034256575e-15,-2.9976021664879227e-15,1.2434497875801753e-14,4.181919945846409e-15,2.4093277478384916e-15,-5.221988048641249e-16,-0.042397301835272405,-0.0154683278944914
1397,-2.9070509696737804e-15,-9.08649525348572e-16,2.16851604060604e-15,3.467292627288362e-16,-3.566480329100029e-15,-4.711564529507103e-15,-5.551115123125783e-16,4.440892098500626e-16,-5.662137425588298e-15,1.7336463136440759e-16,-3.5315246745865357e-15,-4.588482001528638e-15,0.0,0.0
1398,1.5209579398842882e-14,3.2562551328513084e-15,1.1621488653478222e-14,-3.778530431356639e-15,-1.295969131404663e-14,7.730087441675164e-15,5.773159728050814e-15,3.552713678800501e-15,1.1102230246251565e-15,-1.4583489629804513e-15,-4.201922899079075e-15,2.887543525723266e-15,0.029396176030168503,-0.0429337324140045
1399,-7.52028431181119e-15,-1.303035373910395e-15,-2.190435506963103e-15,4.759478563298236e-16,-9.41837437410726e-15,-2.3743953371447183e-16,-2.886579864025407e-15,2.220446049250313e-16,3.552713678800501e-15,2.3797392816494267e-16,-1.9343826994559364e-15,3.3106462943859713e-16,-0.01592368572803659,-0.06560173679869925
1400,1.6061299845620971e-15,-8.415533102856768e-15,-2.4355455025633755e-14,7.848527715446213e-15,-1.1179077105723441e-14,9.777390567875017e-15,2.6645352591003757e-15,-3.4416913763379853e-15,8.215650382226158e-15,-3.200558596895767e-16,2.6590687617623045e-15,-2.2845669196936957e-15,0.029396176030168492,-0.04293373241400449
1401,-2.2990333464781234e-15,1.0316357273975472e-15,1.479557682366087e-14,2.8274021681117614e-15,-7.183701104387383e-15,1.1252970542278854e-14,-1.2212453270876722e-15,4.440892098500626e-16,4.884981308350689e-15,1.4137010840558482e-15,-9.347256727784522e-16,3.883213372145704e-15,-0.013553536717739097,-0.04916259718640003
1402,-6.886011811618906e-15,-1.3594346474301577e-14,-1.3537939085318616e-14,7.196754954472009e-15,-6.5547635171452025e-15,9.59261027412989e-15,-2.3314683517128287e-15,-1.1102230246251565e-15,2.220446049250313e-15,2.5200310738069227e-15,-1.1158555387856172e-15,-1.2042418608160339e-15,-0.008906421321952107,-0.07972637340421704
1403,2.1373403247518262e-16,-1.19918003112353e-14,2.1574275313727143e-15,4.7530537056654755e-15,-3.503474082890278e-15,5.246972187951052e-16,-3.3306690738754696e-16,4.440892098500626e-15,1.3322676295501878e-15,1.762354626966686e-17,-1.039596522292278e-15,-1.8017618113577416e-15,-0.08452302624591569,-0.04183867248149468
1404,-7.84635430923163e-15,-3.2093766612398786e-15,4.382555606774513e-15,-1.3553232332771111e-15,-4.908649628871802e-16,-4.570648285169551e-15,-1.887379141862766e-15,-1.5543122344752192e-15,1.3322676295501878e-15,-1.198363642346969e-15,1.4229505489109273e-15,-6.894010452565075e-16,-0.10435288076764465,-0.03486675746748716
1405,-5.142053199205334e-15,-9.25112569407983e-15,2.499226381276253e-15,-7.611318420843263e-15,-4.442234770992114e-16,-7.201496029174147e-15,-3.1086244689504383e-15,-4.551914400963142e-15,-1.6653345369377348e-15,-4.0876729140258434e-15,-5.64147319113127e-16,-3.082318392271197e-15,-0.14886796432368277,-0.08112071034880718
1406,3.1911460975105495e-15,7.709072593733974e-15,-4.533323916469266e-15,-5.493265179424897e-15,-3.0263279449233038e-15,-4.022128792842939e-15,1.3322676295501878e-15,1.1102230246251565e-15,-2.886579864025407e-15,-2.4417933562341094e-15,-1.2024502749331292e-15,-2.338910005119134e-15,0.0293961760301685,-0.0429337324140045
1407,1.7746649414215814e-15,-6.725214373366406e-15,-2.590978397662824e-14,-8.241439172870083e-16,-2.92961298846318e-15,-1.388841114154045e-14,-7.993605777301127e-15,1.9984014443252818e-15,1.7763568394002505e-15,-3.1402477499599035e-15,-5.190207676666827e-15,-1.142174735541727e-15,-0.089289799148469,0.0384372879111246
1408,1.4396402946360457e-14,-4.773716287238814e-15,6.0762132656613656e-15,1.8035115834876327e-14,-9.993299812597994e-15,-6.4716696152043116e-15,2.220446049250313e-15,-2.220446049250313e-16,8.881784197001252e-16,2.4621976709964825e-15,-1.886260237949183e-15,1.7646780333106099e-15,0.029396176030168496,-0.0429337324140045
1409,-2.7188673323957663e-14,-6.833703697924505e-15,-3.629883939710635e-14,4.060675738333705e-15,-2.178943476697026e-14,4.9613565610492896e-15,6.661338147750939e-16,-2.1094237467877974e-15,2.4424906541753444e-15,2.899302232809513e-16,3.892775420267455e-15,-2.1515266245925686e-15,-0.007776359425438506,-0.04505835637533236
1410,-5.4245123940732184e-15,-9.860149172893524e-15,-8.733991367715721e-15,1.2778221485379397e-15,4.309939604191035e-15,6.985191216770728e-15,-1.1102230246251565e-15,0.0,0.0,-1.5271591118017722e-16,2.9353587021025493e-15,0.0,0.0,0.0
1411,-1.3095305697636497e-15,-2.9564667433862615e-15,2.7317689608283313e-16,3.7869755581871825e-15,1.706418959119034e-15,-4.9559687918747e-15,-4.440892098500626e-16,-1.4432899320127035e-15,6.661338147750939e-16,1.6723206428881496e-15,2.898633711022801e-16,-1.7573024514771763e-15,-0.014484913734677798,-0.3416253439917506
1412,-1.185343109654772e-15,3.0717935959197388e-15,-3.2179949719791387e-16,-3.6216218649511605e-16,1.626547151131167e-15,-1.3495528266910147e-16,-7.771561172376096e-16,8.881784197001252e-16,-4.440892098500626e-16,-1.4226755009221894e-16,8.915638165846584e-16,-1.9013776316107446e-16,-0.006197551280768099,-0.08517889773978608
1413,3.4457331863291694e-15,-4.859901493096005e-15,-1.67564929046257e-15,-5.4920659161640645e-15,-1.7904193768130285e-15,-4.715392524867842e-15,1.7763568394002505e-15,2.220446049250313e-15,-4.440892098500626e-16,-2.8100428722271887e-15,-9.015920211878843e-16,-1.0725383861006917e-15,0.0,0.0
1414,1.6961603861449173e-13,4.591536444455584e-15,4.748876616884344e-15,7.072428861653256e-15,6.243445412389007e-14,-7.667327467736314e-17,-7.438494264988549e-15,0.0,2.4424906541753444e-14,1.8148814669195125e-15,7.657687918592813e-15,-8.938631234504931e-16,0.0,0.0
1415,-7.315092052236923e-15,-1.21398389631157e-14,-3.7702653436500686e-15,-1.0048833592256064e-14,8.880951697941906e-15,4.732349463058985e-15,-1.5543122344752192e-15,2.220446049250313e-15,-2.7755575615628914e-15,5.126437243388581e-16,4.897263502651542e-15,4.290247138343724e-16,-0.0061975512807681,-0.0851788977397861
1416,-2.464727007204805e-15,2.74718732939051e-15,9.36173197468316e-15,-1.6850147989077302e-15,1.91908819210749e-15,2.791623670564172e-16,-2.3314683517128287e-15,0.0,0.0,-4.1480572591568396e-16,9.320281560363789e-16,0.0,0.0,0.0
1417,-4.534697342096288e-14,-2.035136945540754e-14,-2.035136945540778e-14,1.0893577515620345e-14,-1.6629544987410538e-15,1.0619820101139886e-28,1.509903313490213e-14,0.0,0.0,4.606250921090814e-15,5.577514467596462e-15,0.0,-0.17013489747367774,-0.044001884568052624
1418,7.0221909844210996e-15,-7.995347988142225e-15,-3.116044920619955e-14,-2.0758245071441293e-14,-1.189448974703851e-14,3.5700929604323897e-14,9.769962616701378e-15,-3.219646771412954e-15,-3.1086244689504383e-15,-1.0023606731719673e-14,2.0466317919724563e-15,-1.858306514781315e-14,-0.16162992121893532,-0.03960544434065414
1419,-1.8507837893413857e-15,-3.4810348741627404e-16,-7.167419295843437e-16,-1.6064983567831458e-15,6.30654876492474e-16,9.823222052824414e-17,-3.3306690738754696e-16,4.440892098500626e-16,2.220446049250313e-16,-8.15426953316159e-16,3.031295622476066e-16,7.672397167362112e-17,-0.03527174189873249,-0.02847125000828118
1420,-1.4773248956381605e-15,-2.291682335212361e-15,-1.181414181081843e-15,-1.4962413016795998e-15,2.323758036599188e-15,2.1995077841805227e-16,-1.1102230246251565e-16,0.0,0.0,-7.692565130568654e-17,1.3223771597989297e-15,0.0,-0.04239730183527241,-0.015468327894491402
1421,9.405398295916145e-16,1.451292439575519e-15,2.071703492679446e-15,5.047297156378652e-16,2.1513050520298613e-15,-4.424850991621958e-16,-3.3306690738754696e-16,3.774758283725532e-15,-1.1102230246251565e-15,-2.9366843083057023e-16,1.0735967244588847e-15,9.9989999131459e-17,-0.0470973564794847,-0.023910624382638912
1422,1.9803431816751987e-16,1.9362507611268594e-16,2.3389241268439527e-15,-4.718174657217366e-16,7.78574172109883e-15,-1.700974179127862e-15,6.661338147750939e-16,-1.6653345369377348e-15,-4.440892098500626e-16,-2.7198443916598477e-16,3.3552292570905477e-15,-2.917031892452951e-16,-0.03761546373478936,-0.02911455826134299
1423,-1.3636027532214204e-15,-8.241646644828582e-17,-1.9488104964269803e-16,-5.164930809494354e-16,8.942108169236052e-16,-3.7013069818405293e-16,-9.992007221626409e-16,-1.1102230246251565e-16,-3.3306690738754696e-16,-1.1616460918521654e-16,5.334190278053157e-16,-4.267310157341197e-16,-0.04239730183527239,-0.015468327894491398
1424,-5.41527240479421e-15,1.5214412435646953e-15,-6.549111455366833e-15,2.164739822927941e-15,-4.533704614162661e-15,-2.1020562954464613e-15,-6.328271240363392e-15,-1.7763568394002505e-15,-2.6645352591003757e-15,-2.8590798503759127e-15,-3.905049358927263e-15,-2.4439124409927766e-15,-0.02414499471439881,-0.04905355005040497
1425,-5.481930449855133e-15,2.8496901955306064e-14,3.9470411531865935e-15,-2.1942346008840876e-15,1.3874530018978573e-16,-5.091371157429171e-15,1.3322676295501878e-15,-6.661338147750939e-16,4.440892098500626e-15,9.127463180235532e-17,3.287611436356142e-15,-4.1488094150819e-15,-0.03037861384209244,-0.037555955132922994
1426,5.15557221025744e-14,-9.9237723122385e-14,1.5181260997874761e-16,-7.94133391764389e-15,-1.658558420415018e-14,1.8574442871200665e-14,2.9753977059954195e-14,2.4424906541753444e-15,1.4432899320127035e-14,-5.350231659248993e-15,-1.2443693949651506e-14,-3.1609115599609956e-15,-0.030411529117677843,-0.037340302940447885
1427,-4.8119379912058656e-14,-1.9617323014300286e-14,-1.391610796873512e-14,-3.460432167597936e-14,1.9884821219428473e-14,2.1350866917451784e-14,-4.6629367034256575e-15,4.218847493575595e-15,-2.55351295663786e-15,-9.414023039025638e-15,-8.410947954753736e-15,-1.0743929462407963e-14,-0.025623080284046,-0.0460783990036489
1428,-1.5953331037833473e-14,-1.458143012878906e-14,3.710079637682364e-15,-5.495335264184097e-15,5.097465815254815e-15,2.8512537186243964e-14,-6.439293542825908e-15,1.0436096431476471e-14,1.2656542480726785e-14,-1.0587045716334258e-15,4.644355452154362e-15,1.9455927654391467e-15,-0.025623080284045998,-0.0460783990036489
1429,-3.153142817533392e-14,4.234085560920907e-14,-5.6022149748674444e-15,-1.1260050000109397e-14,2.2739662454067083e-15,6.474139350010674e-15,-8.659739592076221e-15,1.687538997430238e-14,4.218847493575595e-15,-1.2250847810708055e-14,-4.984456058210217e-15,-1.965418343116413e-15,-0.07710069588021594,-0.02793769682706381
1430,7.41507980487906e-14,6.43650410471776e-14,-1.6333670648266224e-14,4.549690842070778e-14,2.918868017577481e-14,7.990318870403326e-15,4.440892098500626e-16,-9.325873406851315e-15,-4.9960036108132044e-15,-9.581140328500494e-15,5.095922517212655e-15,2.5007353117213783e-15,-0.04239730183527239,-0.0154683278944914
1431,-9.429665592243217e-15,-3.121696975294076e-14,-5.599168480370155e-15,-7.462127924965596e-15,-2.3780820992698475e-15,-1.907255163048559e-14,-3.9968028886505635e-15,1.7541523789077473e-14,-3.4416913763379853e-15,3.670853708366416e-15,1.0362256607696749e-15,3.232148133906207e-16,-0.10672230876055994,-0.02107098873262216
1432,1.3692893093292822e-15,-1.0122260530186747e-15,-1.4357867451335297e-15,-5.125191997998405e-17,-6.029490562124895e-16,1.5194527637012162e-15,4.440892098500626e-16,-6.661338147750939e-16,-9.992007221626409e-16,4.881450507509485e-18,-3.7163951838326734e-16,6.969637394542681e-16,-0.14456746031233514,-0.058784936909543874
1433,2.3021048649504745e-14,-2.8387084139579547e-14,1.067203667524565e-14,-2.481224837965786e-15,1.3392265534142265e-14,-3.4849752616484086e-15,1.021405182655144e-14,2.6645352591003757e-15,-2.4424906541753444e-15,5.116294527191079e-15,1.953106001026058e-15,-2.7511428489862552e-15,-0.042397301835272405,-0.015468327894491403
1434,-1.23989690129985e-15,-6.817081425051538e-15,-1.2264699787575183e-14,4.557490089007104e-16,6.4317392113525044e-15,-9.181296633371317e-15,-8.881784197001252e-16,1.021405182655144e-14,-4.218847493575595e-15,-4.1128977183437004e-15,1.2096259539449057e-15,4.115149844413493e-15,-0.0423973018352724,-0.015468327894491402
1435,1.928063956537482e-14,2.4268036171322458e-14,7.648561245322436e-15,-3.249306515736301e-14,-1.67921253375592e-14,1.7537319289714182e-14,6.439293542825908e-15,2.220446049250313e-16,-2.220446049250313e-16,-4.265825434735481e-15,3.330480333623292e-16,1.0715072535815557e-15,-0.042397301835272405,-0.015468327894491398
1436,-5.738247498933539e-15,-5.7817664282623484e-15,-2.2042626645318662e-15,-6.21425575652658e-15,-2.18067058861605e-15,-2.3835948281984362e-15,-2.3314683517128287e-15,-1.1102230246251565e-15,6.661338147750939e-16,6.30664428862693e-16,-1.1634461637755663e-16,1.3820668483339038e-15,-0.20508094504801536,-0.03957843263368498
1437,-4.517116133399242e-15,-6.979739896070963e-15,-2.6115349541829598e-15,-6.697261919279587e-15,-3.585186729575645e-15,-4.086691922226964e-15,-1.2212453270876722e-15,1.1102230246251565e-15,6.661338147750939e-16,-1.89730115325625e-15,-1.385379062085164e-15,-3.679523782732156e-16,-0.16918076495053816,-0.06807302758517066
1438,-3.568785996292977e-15,2.1919566594064133e-16,-1.5861538953313668e-15,4.4474700515139105e-15,-3.306484529954796e-15,3.077513458001845e-15,1.7763568394002505e-15,4.218847493575595e-15,4.440892098500626e-16,-1.3499284860880625e-15,-3.0025380696354686e-15,1.5094783367526891e-15,-0.20390850178058903,-0.04050902116884544
1439,-9.365386495105113e-15,-4.036315976904476e-15,-3.1301259296026887e-14,5.334789069296656e-15,-1.5086492494115507e-14,7.13936939740318e-15,-4.440892098500626e-15,-1.7763568394002505e-15,9.769962616701378e-15,2.667394534648413e-15,1.724237357778471e-15,-1.2495274209398446e-15,0.0,0.0
1440,1.722208351886143e-15,-3.692282474246346e-15,3.214347964780453e-15,9.471987184200088e-16,-5.568391419517377e-16,-3.977581631690345e-15,2.220446049250313e-16,-2.220446049250313e-15,1.3322676295501878e-15,4.626329398125925e-16,-5.745084459326172e-16,-1.7165468864098976e-15,0.0,0.0
1441,6.249233661843805e-15,-3.922943916385226e-15,-5.280774292387138e-15,-2.9471601713048934e-15,-6.775433715539075e-16,1.176007244159153e-15,3.3306690738754696e-15,-2.6645352591003757e-15,-1.5543122344752192e-15,-7.131384235096749e-16,3.1499121420201626e-16,4.302157935415334e-16,-0.1605080215774497,-0.07495673426472864
1442,4.967710783926749e-15,6.421202780185801e-16,-1.8533329018585914e-15,-5.471577793815234e-15,7.745862170461822e-15,-1.6200463514959929e-15,1.5543122344752192e-15,-8.881784197001252e-16,-2.7755575615628914e-15,-1.855230696663668e-15,2.3364024851285388e-15,3.8813512540641485e-16,0.0,0.0
1443,1.91120810966284e-14,-1.9301635555398085e-14,2.1776616355731884e-14,-2.862595383277795e-14,3.502328804436865e-14,-6.207181571023688e-15,7.549516567451064e-15,-1.1657341758564144e-14,8.881784197001252e-15,-1.431297691638847e-14,1.7511644022184236e-14,-3.103590785510356e-15,0.0,0.0
1444,5.0304774992944106e-15,8.849943511834226e-14,1.1655614136714282e-14,-1.02379487668819e-14,-3.3758113686116274e-15,3.737523484555351e-14,6.661338147750939e-16,-3.6637359812630166e-15,0.0,-5.700706466791603e-15,3.1914410789970827e-16,3.279812862031568e-15,0.0,0.0
1445,1.1881454148648987e-15,2.7424576493401423e-15,-3.2527466836355563e-15,-1.940668731636792e-15,-3.2152756597430136e-16,-8.875580864891229e-15,-7.771561172376096e-16,0.0,-2.9976021664879227e-15,-9.70334365818403e-16,-1.607637829871702e-16,-4.4377904324456895e-15,-0.089289799148469,0.0384372879111246
1446,1.2483354737585828e-14,-2.136286564283319e-15,1.9046656110492416e-14,-7.316315854812193e-15,-1.5557082761894267e-14,1.0691636398202726e-14,3.552713678800501e-15,-1.2212453270876722e-15,-1.9872992140790302e-14,-3.763227095147645e-15,-1.691819814454661e-15,2.366137002847596e-15,0.0,0.0
1447,-2.5191319478975737e-15,-3.1401396577537602e-15,-6.392614635604516e-15,1.779788870738516e-15,-2.061194722835004e-15,7.902443582807239e-16,1.7763568394002505e-15,-1.887379141862766e-15,-3.3306690738754696e-15,1.1741080273164244e-15,-1.1288047101443612e-15,-4.934589164361565e-16,-0.089289799148469,0.0384372879111246
1448,6.189781229267045e-15,7.40817030260631e-15,6.4050830972983515e-15,-5.209879949622499e-15,-1.0594997972059965e-16,-1.982187154031808e-15,4.884981308350689e-15,0.0,0.0,-3.904990655507222e-15,2.76473031212622e-16,0.0,0.0,0.0
1449,1.6928699802236244e-15,7.37608855336195e-16,4.249591963470962e-15,3.4912473651289872e-15,-1.6457042243069979e-15,3.2245702312561445e-15,-4.440892098500626e-16,-3.9968028886505635e-15,5.551115123125783e-15,2.0527892511988233e-15,-2.026061575596539e-15,1.5368598757420565e-15,0.0,0.0
1450,2.556045762024079e-15,-6.543647308206544e-16,-1.4707764052271821e-15,-2.322331495535581e-15,4.8731008452099e-15,-2.1334386174461575e-15,2.6645352591003757e-15,-1.1102230246251565e-16,0.0,-2.4162717616364247e-16,3.0262219110737006e-15,-9.659811498569264e-16,0.0,0.0
1451,1.4012915760526132e-15,1.013126432734222e-15,1.3815335306731073e-15,-1.2020992501325366e-15,2.431655147402659e-15,-1.1820762307358072e-15,2.220446049250313e-16,-5.551115123125783e-16,0.0,-4.0437434221095713e-16,1.2666270405928625e-15,-4.115777918801811e-16,-0.13362416503535335,-0.15211057711958587
1452,-2.994824190449308e-16,8.185353045532665e-15,6.14962373034671e-15,8.390853523481834e-15,-1.3484596605553254e-15,-1.891690810239607e-15,-1.9984014443252818e-15,8.881784197001252e-16,-1.5543122344752192e-15,2.0717954215728836e-15,4.2972807024451605e-16,1.273562211939918e-15,-0.06401783040260843,-0.2418164308077632
1453,1.3416801867242651e-14,1.8133536139679247e-14,-9.595882076228079e-15,2.2845947797696296e-15,9.829029109098758e-16,8.670810158812208e-15,7.771561172376096e-15,1.1102230246251565e-14,-3.552713678800501e-15,2.1794605886350717e-16,2.0908244007148637e-16,3.187788531442166e-15,-0.026385255404388276,-0.30651338966529984
1454,-3.6316932388073443e-16,1.1639279693176519e-14,-4.9823163199285015e-15,9.590694622249452e-15,3.5436409985158434e-15,5.691426258474389e-15,0.0,3.3306690738754696e-15,-2.1094237467877974e-15,3.4626183319470757e-15,7.205115479383407e-16,1.1342093809293176e-15,-0.045251720865393315,-0.24801144753974277
1455,-6.156918371911647e-15,5.85907523168013e-15,3.700964980755455e-15,-1.278937578781078e-15,5.202576069862098e-16,-3.3689481326462714e-15,-1.9984014443252818e-15,1.7763568394002505e-15,1.9984014443252818e-15,-1.7307051208224654e-15,1.3774861332683572e-15,-9.503675450236666e-16,-0.0873579734825347,-0.22609963807732483
1456,-1.1850030325725196e-14,9.388803148481014e-15,6.498353594138328e-15,4.2767067766209887e-16,-5.681248133932428e-15,-1.2231005602398605e-14,-6.328271240363392e-15,6.661338147750939e-16,8.881784197001252e-16,-5.966290033060285e-15,8.248568524581505e-16,-4.0001204983638275e-15,-0.08550196063346648,-0.1813840598399021
1457,2.8028028851499534e-14,4.4096161140713695e-14,-2.1175362946165777e-15,1.2058087860672657e-14,2.3370353757696086e-15,-3.4781016959329936e-15,1.176836406102666e-14,2.2426505097428162e-14,-2.4424906541753444e-15,-8.045065752250799e-16,4.811222693437456e-16,-1.6637221819683348e-16,-0.019572747173360983,-0.3066877584473509
1458,4.324807887682674e-15,9.29644880010446e-15,-3.0965925374900087e-15,8.823032126481179e-15,-1.5885791800467728e-15,-3.237755411446225e-15,1.1102230246251565e-15,3.9968028886505635e-15,-2.1094237467877974e-15,2.287880490646101e-15,-6.515495734823888e-16,-4.10029626131645e-16,-0.14272371505294207,-0.15116487791468516
1459,-9.698788438300058e-15,-2.4468182900931744e-14,6.880924521805809e-15,-2.01125348129945e-15,3.642454036220113e-15,3.9862994245885856e-15,-4.884981308350689e-15,-1.3322676295501878e-14,2.886579864025407e-15,-1.6930317681498799e-15,1.794048132066039e-15,-3.562660411300129e-15,-0.0144849137346778,-0.3416253439917506
1460,-5.844104760684555e-15,4.328473211641272e-15,1.2299014860212732e-15,-7.873449658804163e-16,-6.786209551341736e-15,-6.964675506993025e-15,-6.661338147750939e-15,1.3322676295501878e-15,-1.9984014443252818e-15,-2.4412836217326046e-15,-2.1308140814452686e-15,-2.1762966805615957e-15,-0.014484913734677802,-0.34162534399175054
1461,7.920157143069893e-15,-1.0618400384069933e-14,-2.8783219506105174e-14,-6.0668679653947644e-15,-4.778641478104966e-15,9.966477004789912e-15,1.9984014443252818e-15,-2.7755575615628914e-15,5.10702591327572e-15,2.7192696950635625e-16,-4.405081858867689e-15,-3.8452520338385044e-15,-0.014484913734677798,-0.3416253439917506
1462,9.7665128903342e-15,-6.817800161100717e-15,-1.2424824303257132e-14,-1.633684900441004e-15,1.257797014319671e-14,1.0748682163478713e-14,7.549516567451064e-15,1.9984014443252818e-15,-5.551115123125783e-16,-8.77884609479334e-16,8.176264035171597e-16,1.3500063407707626e-15,-0.05881516053984022,-0.19182879544523868
1463,8.62647565394011e-15,5.2855068788566494e-15,-2.567603099444194e-14,-3.973152881850993e-15,-1.4029910167077785e-14,-3.387180676889245e-15,1.5543122344752192e-15,5.773159728050814e-15,-4.440892098500626e-16,-6.078802126144143e-16,-3.058080933749957e-15,3.1189793277682184e-15,-0.021969859912981667,-0.2644752075380251
1464,1.521512240933312e-14,1.5075531661702468e-15,1.3836382679139527e-14,-1.0380451628627814e-15,1.5157118153221987e-14,-1.3628973850230446e-15,1.5543122344752192e-15,0.0,0.0,-4.606634060592598e-17,4.548834546276484e-16,0.0,-0.01999251499154862,-0.18282365054412097
1465,2.535251364910582e-16,3.663890694053033e-15,4.507367389819302e-15,3.909910833837519e-15,6.3256854211876905e-15,1.1158030131137752e-15,-1.5543122344752192e-15,0.0,0.0,8.377825552046573e-16,4.2615064895095493e-16,0.0,-0.16329536777152104,-0.016148538292157687
1466,-2.1235981799893898e-15,1.8591748241815056e-15,-2.689830643169697e-15,2.022185354530171e-16,1.2748479752418578e-15,1.8303443554787157e-16,-7.771561172376096e-16,6.661338147750939e-16,-1.3322676295501878e-15,3.483842972743069e-16,1.0488201843001065e-15,-1.9200763176937514e-16,-0.089289799148469,0.03843728791112461
1467,-3.4160271413901046e-16,4.171396842043654e-15,7.743581116382816e-16,2.1263966387428336e-15,-3.3844994255297134e-16,6.522027306184129e-16,-5.551115123125783e-16,-7.771561172376096e-16,2.220446049250313e-16,2.175907017570331e-15,1.1382129043736535e-16,9.70148967661434e-16,-0.01983872795614192,-0.19956395263310484
1468,-5.228188293677638e-15,-5.0061436887526065e-15,9.89060644223246e-16,3.800896384052028e-15,-2.5878575221693914e-15,9.095601849431215e-17,-2.886579864025407e-15,-2.7755575615628914e-15,2.220446049250313e-16,1.9004481920260254e-15,-1.293928761084697e-15,4.547800924715973e-17,-0.016546587156714716,-0.2869196364818607
1469,-4.876109866825943e-14,-2.7707286591878434e-15,-6.7381050708243686e-15,3.4708300421269723e-14,-2.796808442100127e-14,2.602149728128387e-14,-6.8833827526759706e-15,1.021405182655144e-14,1.554312234475219e-14,-2.2673228441936144e-15,5.007527569723929e-15,-2.15740509250812e-15,0.0,0.0
1470,-5.206291503887509e-15,-9.922717658120165e-16,-5.9523789172824e-17,5.532076360056279e-15,8.606299950655229e-16,-8.130954469614312e-17,-3.774758283725532e-15,0.0,0.0,1.5756316860755322e-15,-3.0041390578079364e-16,0.0,0.0,0.0
1471,-1.5580614878717214e-15,2.6040508983468536e-15,2.843589495679945e-15,-7.502703802622212e-16,1.9941464085114147e-16,-1.3161446235075374e-15,-8.881784197001252e-16,2.220446049250313e-16,8.881784197001252e-16,-4.645595647328787e-16,1.0387025016595997e-16,-3.598377809045288e-16,0.0,0.0
1472,-4.447463218410737e-15,-2.0237638776841174e-15,-2.0143682209597494e-15,1.6234774849055856e-16,2.134492046052564e-15,-9.055096610673326e-17,-1.2212453270876722e-15,0.0,0.0,5.51387370298472e-17,1.0681674241150634e-15,0.0,0.0,0.0
1473,-1.376098051877814e-15,-2.8470919234622216e-16,-2.089751562951819e-16,9.173679327655595e-16,1.0872550988241712e-16,-4.6124322545530704e-18,-1.4432899320127035e-15,0.0,0.0,4.754726821300656e-16,1.5294105002849155e-17,7.719127217104041e-31,0.0,0.0
1474,3.1460983979653533e-15,2.058071453058097e-15,2.2690180181241727e-15,2.467640885563193e-15,8.456306147447007e-16,-3.587395384122605e-17,2.220446049250313e-16,0.0,0.0,1.2519122567124165e-15,4.2313003621673825e-16,0.0,0.03710780900563177,-0.08749830758782405
1475,6.495152116416564e-16,1.1818463475714684e-15,-3.452371350206993e-15,3.146191828763261e-15,6.545682448042246e-15,-3.724648672218267e-15,-9.992007221626409e-16,3.3306690738754696e-15,-1.887379141862766e-15,4.3150059983512975e-16,2.450282610720944e-15,1.7254977003078811e-16,0.007383865995982641,-0.31322471282840625
1476,-1.1388684613322989e-15,-1.0959823721849942e-14,3.9920060308044814e-16,9.4312520226225e-15,2.1149468061470887e-16,-1.0590132633104794e-14,-3.4416913763379853e-15,-3.219646771412954e-15,4.884981308350689e-15,9.819899218296144e-16,-2.3515639751990028e-15,1.132049457802452e-15,-0.022605100652645625,-0.12615932220974818
1477,1.4184256424824171e-15,2.8888203893211317e-15,4.229451500502778e-15,3.1413740658021414e-15,3.4451638995102336e-15,2.415751782887319e-15,-3.3306690738754696e-16,-1.2212453270876722e-15,3.774758283725532e-15,1.2343004235733915e-15,-6.965156423566574e-16,5.862713855421331e-16,0.10742082230081121,-0.18330833277846034
1478,-2.4122288676279623e-15,5.3384430801952386e-15,2.3907199215502415e-14,-2.417772796150017e-15,1.1100577889130913e-14,-3.747696079473001e-15,-4.107825191113079e-15,2.4424906541753444e-15,6.217248937900877e-15,-6.308232787124675e-16,2.7807649379290245e-15,-1.5915388943553468e-15,-0.1015629729270973,-0.12174244066304961
1479,4.127047929683611e-15,-2.5342902180674075e-15,1.018423460733158e-15,2.870561841189775e-15,5.1095205646823866e-15,2.651567670694692e-15,4.440892098500626e-16,-2.886579864025407e-15,-1.1102230246251565e-15,1.4352809205948796e-15,2.5547602823411566e-15,1.3257838353473377e-15,0.0,0.0
1480,-4.097572826041718e-14,3.335667974271746e-14,5.035696262016455e-14,-1.711003646147277e-14,-4.340095796643775e-15,-4.027942255930485e-14,-2.8310687127941492e-14,-8.548717289613705e-15,1.6209256159527285e-14,3.1563710833276376e-15,-1.2018701465029393e-15,-2.6573964648033428e-14,0.0,0.0
1481,1.8827362169279493e-14,-3.8895138380527454e-15,1.294387516578793e-15,7.300255696510454e-15,-1.5356438018087607e-14,2.530209086105975e-15,6.439293542825908e-15,-9.325873406851315e-15,-7.771561172376096e-16,3.4690468775126466e-15,-6.714419397369212e-15,1.5454960467947377e-16,0.0,0.0
1482,7.69576389404632e-15,-4.87052343271858e-15,5.842360117125873e-15,-1.343451959366672e-14,-4.2767462198575662e-16,-6.078073258763861e-15,8.881784197001252e-16,-9.547918011776346e-15,-2.886579864025407e-15,-9.83973815366761e-15,-1.4156944219669063e-16,-4.3831817836955913e-16,-0.1970015250760475,-0.045991208249825874
1483,4.893205341677308e-15,1.6889893295279665e-15,3.4983677642453197e-15,2.2770920271012276e-14,-1.6279487539986613e-14,-4.789604100920827e-15,-6.217248937900877e-15,-9.880984919163893e-15,1.5543122344752192e-15,4.066069874869374e-15,-4.10831620510988e-15,-7.407917492977294e-16,-0.27383221048718764,0.014990637932870858
1484,-1.869766581941546e-14,9.020463259834394e-15,-2.101321358199566e-14,-1.7260304913963317e-14,3.2366340784527107e-14,8.897991146345462e-15,9.992007221626409e-15,2.220446049250313e-16,-2.886579864025407e-15,4.703419774623841e-15,7.254525533671931e-15,-2.873912053362902e-15,-0.0423973018352724,-0.0154683278944914
1485,7.916611708063501e-15,5.088615744002159e-14,-5.301073915859912e-15,-1.493849984954636e-14,7.068780920895329e-15,3.4918845866549026e-15,7.327471962526033e-15,-1.7763568394002505e-14,-1.1102230246251565e-15,1.1948809606906094e-14,-3.1680900405806085e-15,5.23477802235582e-15,-0.0423973018352724,-0.0154683278944914
1486,2.9654687792269706e-14,5.173831279730316e-15,2.3048853565866694e-14,-8.171149261434187e-15,-1.6682391987096728e-14,4.4193172550206404e-15,4.884981308350689e-15,-2.220446049250313e-16,5.10702591327572e-15,4.9790663672177055e-15,-2.917107326184977e-15,-8.813964205274881e-15,0.040150874946325354,-0.08729668806320366
1487,-4.945087720244789e-15,-1.7336837813744052e-14,2.8685054993485116e-14,5.7562191845500594e-15,-1.5498025483968263e-14,6.643591674833473e-15,-9.992007221626409e-16,-5.88418203051333e-15,-1.2989609388114332e-14,2.519075240999094e-15,-8.35766456745886e-15,6.200792393891862e-15,-0.0423973018352724,-0.015468327894491398
1488,2.247464767669941e-14,1.3981719950395048e-14,-4.172892386675718e-15,-8.5848468635341e-16,-8.47454799133909e-15,-1.0400448291236203e-15,4.884981308350689e-15,-1.199040866595169e-14,-2.375877272697835e-14,-8.20063059873297e-16,-5.683882509955041e-15,1.4322631347610746e-14,-0.042397301835272405,-0.0154683278944914
1489,-9.356166931492076e-15,-5.613966217300579e-15,-1.564706111982921e-14,-7.693732694139035e-15,1.0573495684780888e-14,2.17071970013416e-15,5.329070518200751e-15,8.881784197001252e-16,2.220446049250313e-15,-5.455679140110274e-15,-3.856245013834098e-15,6.365613142531926e-15,-0.0423973018352724,-0.015468327894491402
1490,3.1075214862685925e-14,-1.0412818650452259e-13,-8.96253010815589e-15,-1.5463795858059988e-14,-1.3282695672719601e-14,4.5176196705255514e-14,-8.770761894538737e-15,2.6645352591003757e-15,7.105427357601002e-15,-3.707257804602211e-15,6.406521323419523e-15,-1.801132561277175e-15,0.10590567073558976,-0.14451247814985171
1491,-4.075842246435462e-14,-9.27652672158056e-15,-7.645876402840617e-14,1.3328551518639017e-14,-4.074691778617941e-14,1.6958780653442234e-14,4.218847493575595e-15,6.661338147750939e-16,-9.992007221626409e-15,7.112690877290631e-17,6.303178724503159e-15,-4.365840696491214e-15,0.0,0.0
1492,8.773871078153993e-14,-4.2851432501134186e-14,-1.3060130948900811e-13,3.094360829195079e-14,-3.612309002284651e-14,-8.627862090054673e-14,-9.658940314238862e-15,1.9539925233402755e-14,4.6629367034256575e-15,8.827285824299025e-15,1.7522769815808663e-14,1.194516976463108e-14,0.12470091892631041,-0.1608669502792032
1493,-4.828283651762823e-15,2.787422615129933e-16,2.087291596773737e-14,3.327597671068999e-15,1.4720628442769804e-14,-2.329973888336206e-15,-2.1094237467877974e-15,4.440892098500626e-16,6.661338147750939e-16,1.6637988355344574e-15,7.16021199902421e-16,1.0690299681028163e-16,0.0,0.0
1494,-4.259378847173986e-15,-1.7903112318674852e-14,-1.6043110390142947e-15,1.1990288975141235e-14,-8.810423864752744e-15,1.9890912177707315e-15,2.4424906541753444e-15,5.10702591327572e-15,1.7763568394002505e-15,-2.840905411636874e-15,-2.6625417569653146e-15,-5.578408256941125e-15,0.0,0.0
1495,-8.196681674379685e-15,1.3751151592361367e-15,-2.6636470188702928e-15,8.829821115187544e-15,1.559307344361337e-15,-4.135748365950666e-15,-3.6637359812630166e-15,2.886579864025407e-15,-5.551115123125783e-16,-2.8315722276185834e-16,-4.843680293748995e-16,-1.969332530561607e-15,0.0,0.0
1496,-2.6172405739990754e-14,7.418233899314126e-15,7.13400652385881e-14,-9.679841352207316e-15,4.6256384264915614e-14,7.151686114221738e-14,-3.0309088572266774e-14,5.81756864903582e-14,1.84297022087776e-14,-4.719991049651193e-16,6.3969417941527364e-15,3.898156525733703e-14,0.0,0.0
1497,2.782459347675663e-15,7.822829825779276e-15,-2.448531272238614e-15,-6.8491446828292984e-15,3.678960415062756e-15,4.437788845707109e-15,-1.887379141862766e-15,6.661338147750939e-16,-3.3306690738754696e-15,-1.464866648605068e-15,3.502713761730617e-15,1.2621721729739894e-15,-0.025623080284046,-0.0460783990036489
1498,1.3087621264643108e-14,-9.934354273682226e-15,3.3124862971599944e-14,-9.730257041972915e-15,1.3244131085280494e-14,-8.186836534403923e-15,6.217248937900877e-15,-5.440092820663267e-15,7.993605777301127e-15,-2.7432960709515762e-15,2.198590513953845e-15,-2.839616195870807e-15,0.0,0.0
1499,-5.534923444869466e-15,1.6589860588529283e-15,-4.5036304227027535e-15,-1.0629155392401552e-14,-6.257684848813782e-16,2.9570417865341764e-15,-3.552713678800501e-15,4.6629367034256575e-15,-3.1086244689504383e-15,-2.7265722035181544e-15,6.978760830916506e-16,2.7574907940126116e-15,0.0,0.0
1500,-6.087196145936687e-16,-1.3265262095318418e-14,1.8043027199110918e-14,-2.6113580589984465e-14,2.595613868986101e-14,1.083399211928485e-15,-6.661338147750939e-16,-6.994405055138486e-15,8.659739592076221e-15,-1.3056790294992182e-14,1.2978069344930516e-14,5.416996059651242e-16,-0.025623080284045998,-0.0460783990036489
1501,1.2312069933810397e-14,3.610319670821597e-15,-5.611754406769338e-15,6.924046488823143e-15,4.7057693658034225e-15,3.240266952395634e-15,1.9984014443252818e-15,-8.770761894538737e-15,-1.887379141862766e-15,-2.315075772264008e-15,1.1354351882705878e-15,1.5858129771332318e-15,-0.025623080284046,-0.0460783990036489
1502,-2.55058825487585e-14,-2.6838150178308478e-14,-2.683815017830853e-14,9.319763252412766e-15,-7.97101295837558e-15,-1.4936476821317597e-28,6.661338147750939e-16,0.0,0.0,4.659881626206502e-15,-3.9855064791878916e-15,-3.944304526105059e-31,-0.0144849137346778,-0.3416253439917506
1503,-2.4713294683990897e-14,-1.116857378356411e-14,-1.116857378356382e-14,7.786349618973203e-15,-1.4337287420374335e-14,-2.232702648854918e-28,-6.772360450213455e-15,0.0,0.0,3.893174809486698e-15,-7.168643710187344e-15,0.0,-0.0144849137346778,-0.34162534399175065
1504,-1.3274752906960168e-15,-7.415392912772451e-15,-3.629055152003525e-14,-3.4996369949880077e-15,1.4047703773759434e-14,1.2751962342409655e-15,2.220446049250313e-15,3.3306690738754696e-15,1.6431300764452317e-14,1.0517776732117629e-15,3.1579706113696166e-15,3.896234138576091e-17,0.0,0.0
1505,-2.4450887160246292e-14,-3.6020945850151265e-14,-3.602094585015192e-14,1.825947992264468e-14,-2.877066625194627e-14,-5.294049443968656e-28,1.7319479184152442e-14,0.0,0.0,9.129739961322562e-15,-1.1138163916962544e-16,0.0,0.0,0.0
1506,1.4114293646380485e-14,5.6765986592291774e-15,4.56637563460397e-15,-5.637676469342395e-15,-8.015315503590588e-15,2.8315115307951007e-15,1.1102230246251565e-15,-3.1086244689504383e-15,-3.6637359812630166e-15,-2.8188382346711024e-15,-4.007657751795226e-15,1.4157557653975014e-15,0.0,0.0
1507,1.795966931941824e-14,4.595744548035621e-15,1.429585965226504e-14,-6.9922196962065706e-15,2.0426303472097088e-14,-1.1709367573416339e-14,-9.2148511043888e-15,-2.886579864025407e-15,-2.220446049250313e-15,3.24201406895269e-15,-1.2832564177952905e-16,-1.370106461957996e-15,0.0,0.0
1508,-1.5739163795462658e-15,-2.2400501943215107e-15,-2.7710330469255153e-14,4.263025592556505e-15,-1.0896579876243301e-14,5.985199087951363e-15,-3.774758283725532e-15,-4.107825191113079e-15,1.354472090042691e-14,2.131512796278333e-15,-4.163911278691468e-15,1.0619232507234075e-16,-0.5241818294171725,0.21369746804623918
1509,1.215797617545714e-15,-7.826038267796594e-16,-1.862294445454273e-14,1.7142615006945379e-15,-5.702845338334017e-15,4.8402735159556034e-15,-2.1094237467877974e-15,-3.1086244689504383e-15,9.992007221626409e-15,8.571307503473068e-16,-4.384099699552001e-15,2.335697048371945e-17,-0.0423973018352724,-0.0154683278944914
1510,8.091048476668887e-15,7.594995082685401e-15,-1.0000953035520432e-13,-1.4614384990582157e-15,9.904103644752641e-15,-3.355760492092941e-14,2.4424906541753444e-15,6.217248937900877e-15,-5.551115123125783e-15,-2.0516436661151374e-15,6.0982049870828045e-15,-7.952196053369948e-15,0.0,0.0
1511,3.619299445275249e-15,2.1714207631200165e-14,-8.424143462721347e-15,2.4603297980803777e-14,1.4670110022900018e-14,5.669499516464269e-16,2.4424906541753444e-15,-3.6637359812630166e-15,-5.440092820663267e-15,2.492819696414564e-15,7.0279707632093595e-15,5.4597150548449845e-16,0.0,0.0
1512,2.3269888580157958e-14,-1.8141453330847534e-14,-3.009326358508107e-14,-1.1548690966668114e-14,-2.0432264045371512e-14,-1.568699878657897e-14,5.329070518200751e-15,-5.440092820663267e-15,-4.6629367034256575e-15,-3.950215187790442e-15,7.579979150035469e-16,1.446087814969092e-16,-0.5241818294171726,0.2136974680462392
1513,2.749365178722432e-15,-1.9247117186924533e-15,4.799027901694107e-15,-1.4673808279668461e-15,-5.881717969698086e-15,-2.3224905170484934e-15,1.7763568394002505e-15,-1.5543122344752192e-15,3.3306690738754696e-15,-5.124077977271597e-16,-3.0919355296706675e-16,1.0104942827763425e-15,-0.16074300384377568,0.0269190806914134
1514,-2.299263171543104e-14,-3.660864367631249e-15,1.1151927643148713e-14,2.5380960541302074e-15,3.011646492393132e-15,-1.585449588163949e-15,-4.107825191113079e-15,-1.7763568394002505e-15,1.9984014443252818e-15,3.7762009976934014e-15,1.0225236367714304e-15,-1.3117417613345728e-15,-0.19993749091192195,-0.032758648976628876
1515,1.7711178390694124e-14,1.2800143883938889e-14,-2.317204322078338e-15,1.653593504393003e-14,5.80322816669143e-15,9.21238175449306e-15,-3.885780586188048e-15,1.5543122344752192e-15,-1.7763568394002505e-15,2.19067998117098e-16,-2.452113786147458e-15,2.3093939316051753e-15,-0.0423973018352724,-0.015468327894491398
1516,2.5574737127600433e-14,-9.312535285822691e-15,1.264114929098953e-14,1.2914446077684495e-15,4.946114177854388e-14,9.510626560873734e-15,1.9984014443252818e-15,-6.106226635438361e-15,2.220446049250313e-15,-2.4614236199279425e-15,5.810245083498143e-15,-2.959446859178908e-15,-0.03719507482312089,-0.024961498011604535
1517,1.968992636509548e-15,-1.2120312387979447e-15,-1.824712462246463e-16,4.924146214672057e-15,2.814055514741865e-16,-5.7001285020594595e-15,3.552713678800501e-15,5.10702591327572e-15,0.0,5.9321177299203655e-15,1.0682566958731995e-14,3.599963776056224e-15,-0.0423973018352724,-0.0154683278944914
1518,6.1326307698996075e-15,4.710097235745098e-15,6.456384711263284e-17,-5.182795054820841e-15,3.583891386734952e-15,3.557471227543055e-15,3.552713678800501e-15,5.10702591327572e-15,4.440892098500626e-16,-4.416356515296604e-15,2.5464468345070092e-15,5.0107537946990075e-17,-0.042397301835272405,-0.015468327894491402
1519,3.178337466329144e-14,2.638018095567943e-14,3.049364484159856e-14,1.7465118126171305e-14,1.712574189548287e-14,3.4102194594829443e-14,1.199040866595169e-14,-4.3298697960381105e-15,-2.220446049250313e-16,-9.854869146872113e-16,-2.9941230118016266e-15,1.1050083119972125e-15,-0.042397301835272384,-0.0154683278944914
1520,1.3209926295169958e-15,6.882497917554859e-15,1.108666498998309e-14,4.403911044050445e-17,-5.6143611217824925e-15,8.455061325921735e-15,2.220446049250313e-16,-3.3306690738754696e-16,-1.5543122344752192e-15,-5.882821335722186e-16,2.6720955347018904e-15,6.2906977689080294e-15,-0.042397301835272405,-0.015468327894491405
1521,-3.1567810311791114e-15,9.8733422576717e-15,-3.469642185831264e-15,-7.628913349196332e-16,-7.873798963457662e-15,-1.6150623117640518e-15,-5.551115123125783e-15,1.7763568394002505e-15,-1.6653345369377348e-15,-4.196532630151472e-15,-4.660275995281056e-15,-2.1512854091777604e-15,-0.5241818294171726,0.2136974680462392
1522,-5.260619636827961e-15,1.7267904294156015e-14,3.820492097627099e-15,-2.293942897217222e-14,3.783088426308856e-15,-7.553179413377213e-15,-3.3306690738754696e-16,3.3306690738754696e-15,-3.552713678800501e-15,-1.3906295713518882e-14,-3.699752143035461e-16,-1.4555373371221369e-15,-0.04239730183527239,-0.015468327894491398
1523,3.267201564890783e-14,4.648148058602088e-15,5.549520399768619e-15,-1.0535729480105576e-16,3.847120308909423e-15,-1.0509201273014213e-16,-8.881784197001252e-16,0.0,0.0,-1.1511210976146651e-15,3.6064913899271855e-15,0.0,-0.04589115577158476,-0.0217440316999678
1524,-7.503135428305434e-16,6.400303218018528e-15,-4.4986447400893085e-15,-4.66353463319298e-15,2.677201311844551e-15,5.966897580662132e-15,-6.661338147750939e-16,2.220446049250313e-15,-3.6637359812630166e-15,-2.445537005627897e-15,1.9922181338865147e-15,2.8811328557386103e-15,-0.5241818294171726,0.21369746804623924
1525,1.2252514908727676e-15,-5.6581312618032635e-15,2.1134299105728977e-15,4.12811027360766e-15,2.05059291911619e-15,3.2198891427978894e-15,-2.220446049250313e-16,-3.6637359812630166e-15,2.220446049250313e-16,2.064055136803829e-15,1.0252964595580706e-15,1.6099445713989378e-15,0.0,0.0
1526,6.420576012443402e-16,1.3309855704464271e-14,-5.31097749499107e-15,4.3990588680324124e-15,-6.647373125611082e-15,3.471889899175655e-14,-2.3314683517128287e-15,-5.551115123125783e-16,1.9761969838327786e-14,1.6204469457803214e-15,3.91712653722124e-15,-4.724768324611016e-15,0.0,0.0
1527,-1.1294385554711236e-14,-2.7589350340859018e-14,-1.3687008449938922e-14,-1.1742028373482556e-14,-3.504539530135158e-15,-1.9967527786384393e-14,-2.3314683517128287e-15,-6.661338147750939e-16,7.549516567451064e-15,-3.703451110489256e-15,-1.2660025246148828e-16,-1.5958296428265336e-17,-0.10746466326733355,-0.21566695105616138
1528,3.4887372566869807e-16,3.2262851014098162e-15,4.01768794004501e-15,-1.439802127733676e-15,-3.65402463254654e-15,3.1485372096180135e-16,1.1102230246251565e-15,3.1086244689504383e-15,3.774758283725532e-15,-5.858349842712876e-16,-1.7721538466234885e-15,3.5434864002435014e-16,-0.08561016340692283,-0.23316280149396507
1529,-7.0816472845757876e-15,-1.3433483439567444e-15,-4.419240118070999e-15,2.1657957474678407e-16,-1.0963103283990032e-15,-5.145619225460002e-15,-2.7755575615628914e-15,-8.881784197001252e-16,1.3322676295501878e-15,2.3441807560229822e-15,7.113776612561263e-16,-1.494647223466191e-15,-0.0144849137346778,-0.34162534399175054
1530,-6.41830550548928e-15,4.709351407680355e-15,3.048603957439826e-15,7.850772593849365e-16,6.438172144526441e-17,-3.31836246533163e-15,-1.3322676295501878e-15,3.774758283725532e-15,3.774758283725532e-15,3.4292590734072605e-16,4.540333809867709e-16,-1.411092965093239e-15,-0.014484913734677796,-0.34162534399175054
1531,2.6193509903041505e-15,5.611585092897614e-15,-4.831579546493325e-15,-1.0561226260636973e-14,2.3310773335866418e-15,-5.184998290313641e-15,3.1086244689504383e-15,4.440892098500626e-16,5.329070518200751e-15,-1.071217957551715e-14,3.0875101454259174e-15,-1.2136307240006136e-15,-0.0144849137346778,-0.34162534399175054
1532,-1.5824142557750618e-15,-1.2066046707336349e-14,-8.786608630511008e-15,-3.9675819610466616e-15,-4.244746977465334e-15,-4.53415411953964e-15,-2.9976021664879227e-15,-3.6637359812630166e-15,4.440892098500626e-16,-4.722224754005983e-15,4.355127754751191e-15,1.2363845244345222e-15,-0.019980163946926355,-0.32923784407024037
1533,-5.7330949194508725e-15,2.505223394963172e-15,-4.549525392638335e-15,-1.250426382471768e-15,-5.543791899084882e-16,8.193547424158873e-15,-6.661338147750939e-15,-6.994405055138486e-15,3.1086244689504383e-15,-4.491143222778468e-16,2.234845737177369e-15,-1.0190228875555764e-16,-0.0144849137346778,-0.34162534399175065
1534,-9.295472786107836e-16,1.4211185633411394e-16,6.696113583203621e-15,3.0397101068211965e-15,-3.060429262054129e-15,1.3051700031126931e-15,2.886579864025407e-15,-3.552713678800501e-15,6.661338147750939e-16,4.857485038751411e-15,1.3687272236791121e-15,-4.7664965205854155e-15,-0.0491977155937539,-0.2874765916626042
1535,7.076218379393081e-15,1.4153958468540281e-14,-4.850494497486358e-15,-7.10585823508675e-15,-3.56359330159372e-15,1.0967668305296106e-14,1.3322676295501878e-15,2.220446049250313e-16,-1.4432899320127035e-15,-1.271483669892863e-15,-9.885556786324181e-16,4.922725435716992e-15,0.0,0.0
1536,-1.9357451514425214e-13,-4.935862226630068e-14,2.1872455331120243e-14,-1.884994724075287e-14,-7.211802716520318e-14,1.3923170312159938e-14,-1.0058620603103918e-13,1.7319479184152442e-14,2.6645352591003757e-14,-1.566403584223026e-15,5.331294987238909e-15,5.106548815290411e-15,0.0,0.0
1537,-7.926552597889577e-15,-2.4567792075543778e-14,-1.9879477456648314e-15,-9.893388672815676e-15,-5.46947391048119e-15,1.3310078414634293e-14,2.220446049250313e-16,4.218847493575595e-15,8.215650382226158e-15,1.9728990904978213e-15,-3.0179302397503706e-15,3.061350099997852e-15,-0.010969347103857488,-0.04281500640183906
1538,9.200472214308411e-15,-9.41285062152633e-16,-4.191665832918202e-15,-7.226423230152641e-15,-2.4282076251707185e-14,6.265544699870428e-15,-2.4424906541753444e-15,3.552713678800501e-15,5.551115123125783e-15,-4.03586305133028e-15,-9.817888399870786e-15,-8.68108974628994e-16,0.08270924503562946,-0.12432837130747072
1539,1.5804267113945319e-15,-2.1848401168107698e-14,-2.6966294595093745e-14,-1.2195791409990003e-14,2.1182361661810737e-14,1.620909519926619e-14,8.881784197001252e-15,-1.7763568394002505e-15,-6.772360450213455e-15,2.868604342323107e-15,4.393087823508106e-15,-4.2319214035316404e-16,0.014415853190906266,-0.06490365064350902
1540,5.658895192192595e-14,-1.0391581184724757e-13,-8.031815578960253e-15,4.721999547048325e-15,-3.080624916007098e-14,2.312510576628363e-14,2.1094237467877974e-14,5.10702591327572e-15,9.992007221626409e-15,-7.318742800142773e-15,-1.798851812590746e-14,6.846234632923022e-16,-0.0423973018352724,-0.0154683278944914
1541,-5.947573150142174e-15,1.3229011033765029e-14,2.923035969690359e-15,-5.503023369960972e-15,-2.0712854605383055e-16,-1.213033962729845e-14,2.6645352591003757e-15,1.1324274851176597e-14,3.552713678800501e-15,-6.833773607256145e-15,2.7730824175910054e-15,-4.112753449679098e-15,0.019155066031471452,-0.2979376453891034
1542,-2.425494301016669e-15,3.2459248364392205e-14,1.3665506775602141e-14,-2.435240288414222e-14,-5.243193441789416e-14,2.3991202843469907e-14,-1.887379141862766e-15,1.6653345369377348e-14,9.547918011776346e-15,-1.174564401542698e-14,1.1521492342992014e-14,-1.4260053906264553e-14,0.1247009189263104,-0.1608669502792032
1543,4.0563582180242835e-15,-1.953976988327018e-14,-1.322275239692719e-13,1.7625268733382454e-15,-3.602799827898443e-15,-6.922075600428768e-14,3.774758283725532e-15,1.1324274851176597e-14,2.4424906541753444e-15,7.783280659842388e-15,1.477375991328603e-14,9.697444496071075e-15,-0.0423973018352724,-0.0154683278944914
1544,-6.988816130936315e-15,2.5946467212630693e-14,-5.911039293106578e-15,6.193898977451296e-15,6.734421201050247e-15,7.96297043371257e-15,-2.886579864025407e-15,-1.3322676295501878e-14,-1.1102230246251565e-16,-9.08637386073687e-17,2.21513864271145e-15,2.793932698929568e-15,-0.0423973018352724,-0.015468327894491398
1545,2.176521289089017e-15,-1.6450650840587827e-15,1.5801810035826644e-15,-1.830658729463434e-15,-3.3830862522635155e-15,-3.154903326258737e-15,2.4424906541753444e-15,-4.440892098500626e-16,3.9968028886505635e-15,-1.5724569500728037e-15,-2.0553228269479594e-15,-1.2479953321863621e-15,0.0,0.0
1546,2.68200831394702e-14,-2.519003379693898e-15,-2.1990660573936046e-14,5.576164670374854e-16,-1.4318609289106238e-14,-1.0441028975722522e-14,-1.6431300764452317e-14,4.440892098500626e-16,-1.0769163338864018e-14,-5.028590448531722e-15,1.2759024767137463e-15,-2.808641962683106e-15,-0.0423973018352724,-0.015468327894491398
1547,-3.108756304863401e-14,-4.181314750174218e-15,-1.4017761399465635e-15,-2.2582783110067163e-14,-7.0327697851205176e-15,-6.586586626411053e-16,-1.3655743202889425e-14,2.6645352591003757e-15,-5.551115123125783e-16,-6.7582403340764276e-15,1.435537103882275e-16,2.9998669212950163e-15,0.0,0.0
1548,-4.293310899625257e-15,-1.6414172937725739e-15,-8.787136319960753e-15,1.849080375910031e-15,-1.1185824607596675e-14,-7.680801447151137e-15,-3.1086244689504383e-15,-3.4416913763379853e-15,-1.5543122344752192e-15,-1.5125797127408748e-15,-3.750355824581574e-15,-2.7476896348898123e-15,0.0,0.0
1549,-8.981773961806164e-15,4.272959977454603e-14,3.2587241514963956e-15,9.128976231747856e-15,7.922519809584126e-16,3.12431731078073e-16,-4.440892098500626e-15,1.4210854715202004e-14,8.881784197001252e-16,4.339955468621221e-15,2.757170945117143e-15,1.270449353315202e-15,-0.04239730183527239,-0.0154683278944914
1550,-2.1082138793947178e-14,-1.5422135605435175e-15,-8.203551708295087e-15,2.064004933987858e-14,-4.0591554768730724e-15,8.784921661050883e-15,-9.547918011776346e-15,2.220446049250313e-16,-3.1086244689504383e-15,1.0320024669939224e-14,-2.0295777384367086e-15,4.3924608305255125e-15,0.0,0.0
1551,7.757789314609743e-14,-1.626873175385848e-14,-2.8688199381143685e-14,-3.804295763386077e-14,1.1354488784284414e-14,-3.655700288069282e-14,-8.992806499463768e-15,-8.326672684688674e-15,9.992007221626409e-15,1.0551534665476057e-14,2.1853634469005504e-15,5.643321744179732e-15,0.0,0.0
1552,-2.2183787646727383e-14,-1.7298806338376792e-14,-6.418620697050536e-15,1.0297810809658763e-15,1.728409773202131e-15,-3.11741550408107e-15,-3.885780586188048e-15,-1.4432899320127035e-15,3.9968028886505635e-15,5.148905404829704e-16,8.642048866010425e-16,-1.5587077520405063e-15,0.0,0.0
1553,-1.852182936940988e-14,5.704941373143142e-16,1.469905030894595e-14,-4.63763596755537e-15,4.033288916936699e-14,1.921370185264091e-14,-7.771561172376096e-15,5.551115123125783e-15,2.4424906541753444e-15,2.6396953143021377e-15,-5.841716461451003e-16,-1.2553930473397906e-16,0.0,0.0
1554,1.3551719849147422e-15,-6.057409208750491e-15,-7.389412570105673e-15,-1.149694621362927e-14,5.391556581556789e-15,7.846328615216815e-15,2.6645352591003757e-15,8.881784197001252e-16,-3.3306690738754696e-16,-3.638265807040025e-15,5.398102463740304e-16,1.6830153825118973e-15,0.0,0.0
1555,3.2835798164746655e-15,-1.145251336287494e-14,-4.70239788547413e-15,1.3564742201675745e-15,-2.339213197600037e-15,-9.40744250098071e-17,-4.6629367034256575e-15,1.1102230246251565e-15,-8.881784197001252e-16,8.007239130548126e-16,1.5299222848004547e-15,-2.5226265405823935e-15,0.0,0.0
1556,1.2582002174612324e-14,1.2577273234355915e-15,1.475042988104362e-16,-2.7820188646990945e-15,-6.805142548254274e-15,3.915817764123886e-15,3.9968028886505635e-15,-1.6653345369377348e-15,-2.220446049250313e-15,-1.3910094323494871e-15,-3.402571274127074e-15,1.9579088820619117e-15,0.0,0.0
1557,-1.9635572849414645e-15,-4.317688622743533e-15,-1.005629289377423e-15,-2.43122489874161e-15,-2.8574396072698946e-15,-2.6534872992407424e-15,2.220446049250313e-16,-2.6645352591003757e-15,1.9984014443252818e-15,1.0487520603395164e-15,-7.658283544112494e-16,1.3803295377567626e-15,0.0,0.0
1558,2.199643296130725e-15,4.041066328249e-15,-2.786078324327148e-14,-6.134621332706027e-16,-1.3495386165582297e-14,-1.7892551617444526e-15,6.661338147750939e-16,1.7763568394002505e-15,-2.220446049250313e-15,-3.132303201693472e-16,-6.907327731383511e-15,-1.1102721599263443e-15,0.0,0.0
1559,-2.9372603256254325e-15,-3.469862330487653e-14,7.806266268567068e-14,-6.363372221739828e-15,-2.6687615034194364e-15,5.361547649566374e-15,-6.994405055138486e-15,4.4853010194856324e-14,2.4424906541753444e-14,-1.2308538691401735e-14,-1.9517738786614626e-14,3.67275759336635e-14,0.0,0.0
1560,-6.21162009010194e-16,-4.3058643791066696e-15,3.782262543536202e-15,-1.5312412008964386e-15,-6.692887858935935e-16,-4.296041519473439e-15,-1.1102230246251565e-15,-2.220446049250313e-15,4.440892098500626e-15,-1.9792813118452757e-15,-1.0415248151157968e-15,-4.350286029496406e-17,-0.19707645473699628,-0.09427108476988387
1561,-5.35977464274609e-15,1.1737659936481175e-14,-2.5274872947034597e-16,-3.4471505666728804e-15,-5.348867742139662e-15,-1.1766790503128711e-14,-4.773959005888173e-15,3.774758283725532e-15,-2.220446049250313e-15,-1.7235752833365031e-15,-2.674433871069928e-15,-5.883395251564452e-15,-0.222506130275374,-0.0598218516864741
1562,-3.482942613862843e-16,3.224748598279745e-15,1.19268940155048e-14,-3.940165942330021e-15,-7.013060750079877e-15,2.236257754770242e-15,-2.220446049250313e-15,-4.440892098500626e-16,1.3322676295501878e-15,-7.099137947619383e-16,-2.7629566684381166e-15,-6.5568655934965e-16,0.0,0.0
1563,3.9106268213792925e-15,1.1344322306201871e-14,-3.0777694961714348e-15,-1.107094628031899e-14,5.472514820976565e-15,9.172916517131647e-15,4.440892098500626e-16,4.884981308350689e-15,-3.219646771412954e-15,-6.231506958940442e-15,2.8175852316192224e-15,3.819339370550292e-15,-0.10641073516854609,-0.20505345655361154
1564,3.3242460537095477e-15,-4.422438846823613e-14,1.6889500727985787e-15,-5.6082436065830245e-15,-7.35085543629563e-15,-1.6585829578715587e-15,1.9984014443252818e-15,-1.2878587085651816e-14,2.220446049250313e-16,3.5105294612575965e-16,-3.0035741256402e-15,5.041262078730145e-16,-0.13257974177093423,-0.16686451551103015
1565,-2.517012312660753e-14,1.5411002454058126e-14,-3.993860621920409e-15,2.197909253595764e-15,-8.297899375883327e-15,2.240965217467673e-16,-6.994405055138486e-15,4.6629367034256575e-15,-4.440892098500626e-16,6.267889102070703e-16,-1.1438239486469874e-15,2.005937587714172e-15,-0.007458524251987947,-0.26391687039682205
1566,3.097882476085341e-15,5.523028319868415e-15,-1.4937355180689017e-14,-2.882932685352016e-15,-1.238679949008918e-14,2.7204086782078538e-15,1.1102230246251565e-15,3.9968028886505635e-15,-1.9984014443252818e-15,-3.5990399918520145e-15,-4.547630405453879e-15,-5.120550506513653e-16,-0.03702919876819877,-0.1958213043119581
1567,-4.10134037027232e-14,-1.2154363128602589e-14,4.33184723385533e-15,-6.993719719840828e-15,-1.9701576362078413e-14,8.274180577835789e-15,-1.865174681370263e-14,1.3322676295501878e-14,1.2878587085651816e-14,4.3290498718650415e-16,-7.00295179349015e-15,2.2804384488062995e-15,0.017899304126065607,-0.21433721951099388
1568,-1.9296637384950266e-14,3.4711615402392726e-14,3.8004763457018617e-14,-4.9273619160950135e-14,2.33342715770973e-14,-3.18979742254672e-14,-2.142730437526552e-14,-7.771561172376096e-16,8.215650382226158e-15,-2.1958163301265624e-14,5.904655853491254e-15,-1.1514059213648404e-14,0.03524408006709325,-0.18188525097356295
1569,-4.5083826235533565e-14,5.813625791711721e-15,1.4864987551760743e-14,7.92171257765092e-15,5.736741153705932e-15,-4.393563287097305e-15,-1.865174681370263e-14,-9.992007221626409e-16,4.218847493575595e-15,-1.1567233264382758e-14,6.7596541200048114e-15,3.2449127974932225e-15,0.011453635192838782,-0.30793936927913634
1570,-5.487714489148978e-15,-4.344951557071476e-15,3.75572156310436e-15,-1.102996021502698e-14,-1.215004756044832e-15,5.890349245812623e-16,-9.992007221626409e-16,2.220446049250313e-15,1.3322676295501878e-15,-2.1056223524495043e-15,-1.1685046734639242e-15,-1.5265171195451313e-15,0.006137165013613669,-0.28196275071683957
1571,-5.091756426375591e-16,-4.0618893214380386e-15,-1.1711749112785603e-15,3.0211407037761863e-15,3.0718796823222895e-15,-4.464903652272874e-15,-6.661338147750939e-16,-2.4424906541753444e-15,4.218847493575595e-15,1.5105703518881358e-15,-2.790062830232491e-16,-1.5370410538643444e-15,0.031283001212151974,-0.22321957699898218
1572,-8.493376289004782e-15,-1.0935866943179994e-14,7.493835265597879e-15,8.21398505488768e-15,-2.0865113332230555e-15,6.079182228240857e-15,-3.1086244689504383e-15,-4.3298697960381105e-15,4.884981308350689e-15,4.10699252744383e-15,-1.0432556666115832e-15,3.0395911141204713e-15,0.07897437873151479,-0.22025126977223286
1573,-4.391621702840482e-16,-1.1238592358972492e-14,2.4040791888946838e-14,3.4100744993032838e-15,1.4545312756639708e-14,-3.66284631788559e-15,1.1102230246251565e-15,-3.3306690738754696e-16,4.6629367034256575e-15,1.659011602680918e-15,5.657781943803622e-15,-6.133909940941111e-15,0.05269216877419634,-0.12836772604242347
1574,-1.178573668854604e-16,-2.4088154851697916e-15,-7.247248251712458e-15,4.122709606575963e-15,4.395632340759558e-15,-1.4186801456955422e-15,6.661338147750939e-16,0.0,-2.9976021664879227e-15,2.116910087194379e-15,1.7761677065991065e-15,-4.75929551658879e-16,0.09950165460124714,-0.14552099500269094
1575,-1.9084037848948008e-15,-7.30479809830453e-15,-6.182559677443743e-16,1.0656764045502004e-14,1.1241507785427112e-15,-4.004022866915489e-16,-1.1102230246251565e-16,0.0,0.0,2.786971414573849e-15,-8.870878293144425e-16,0.0,0.10498323942577575,-0.1307288178281794
1576,-6.9983650535221064e-15,-2.186952689826026e-15,-8.529831714932917e-15,-4.8004713921572484e-15,1.0676177079933625e-15,5.723782881360334e-17,-9.992007221626409e-16,-7.327471962526033e-15,1.1102230246251565e-15,7.349567425908e-16,1.2981371273539435e-15,2.753281523597531e-15,0.10375369589046332,-0.1287106890409788
1577,7.383493348557761e-16,7.463134303408817e-15,1.2613521702047933e-15,2.758582466301521e-15,-6.437715182791774e-15,1.7833547966834426e-15,-1.887379141862766e-15,-1.4432899320127035e-14,1.5543122344752192e-15,1.0920543617708245e-14,9.2883577398969e-17,-3.876400413199499e-15,0.12470091892631043,-0.1608669502792032
1578,-4.7522966172712776e-14,-1.071820218884095e-14,-2.369861668688611e-15,-1.4175166548392507e-14,-3.367114646893737e-14,1.3957940837617599e-14,-5.67323965583455e-14,6.8833827526759706e-15,9.325873406851315e-15,-3.853138236536522e-15,2.1343350790519864e-15,-2.263187021896462e-16,0.12470091892631044,-0.16086695027920322
1579,-4.9080791679046495e-14,2.431859336027388e-13,4.2604845480553043e-14,-1.4526913987055118e-13,1.0844734921108571e-14,-3.699891443410098e-14,5.395683899678261e-14,1.176836406102666e-14,2.220446049250313e-16,1.2243536642118795e-13,-3.086566357829735e-14,1.0680091582108587e-14,0.1247009189263104,-0.16086695027920322
1580,1.5683587638935073e-15,1.2756731965822797e-14,2.739679254561536e-14,3.1304129135079263e-14,-8.010068404628669e-15,-2.7018555765703442e-14,-2.2537527399890678e-14,-2.4091839634365897e-14,-7.882583474838611e-15,-6.5133675335555854e-15,3.0028866449067965e-15,1.998564535480391e-14,0.09496821127216844,-0.13499537179694124
1581,-2.7802251667665936e-14,6.609059898615172e-14,4.929973014124676e-14,2.105073205508842e-14,-2.3475392083561557e-14,-7.086536868851827e-14,-6.550315845288424e-14,-3.6637359812630166e-15,-4.440892098500626e-16,6.766020764188062e-15,-2.955769467400286e-15,-4.790988554712475e-15,0.1247009189263104,-0.16086695027920317
1582,1.0527808348443112e-13,5.488957723619956e-14,4.774029137451187e-14,2.5862915128423225e-14,-2.6534246501019704e-14,-4.584450313307749e-14,9.237055564881302e-14,-1.4876988529977098e-14,-1.4432899320127035e-14,6.48837148799608e-14,-3.6525127948092205e-14,-9.51251609369271e-15,0.0,0.0
1583,1.4774493032468258e-14,1.1366755340234813e-15,3.274178388365685e-15,3.949448551012981e-15,5.758944554901447e-15,8.604791028749789e-16,-2.1094237467877974e-14,3.552713678800501e-15,4.440892098500626e-15,2.5417575542668364e-15,8.364941626989578e-16,2.2644560054212954e-16,0.0,0.0
1584,4.121997064616835e-15,-1.3863615934310641e-14,1.0783335212367935e-14,1.1937978930327282e-15,9.267544766116119e-15,5.523966857318012e-16,1.5543122344752192e-15,-7.438494264988549e-15,4.884981308350689e-15,5.96898946516468e-16,4.63377238305798e-15,2.7619834286607084e-16,0.12470091892631043,-0.16086695027920322
1585,1.2808565887259889e-14,-2.6201774385106105e-14,-5.534925261255451e-15,-3.7155872720645786e-16,1.4379222918651637e-14,-2.1302278441462843e-14,1.0880185641326534e-14,4.440892098500626e-16,3.3306690738754696e-15,-5.862451966437561e-15,2.655259622428405e-15,-5.554430826458386e-15,0.12495816727534148,-0.16088109958467492
1586,-5.40590008375071e-15,-2.075231009875215e-15,-1.0512925997026415e-14,1.9197442720272068e-15,-3.425785570330572e-16,1.861329285481819e-15,-1.6653345369377348e-15,0.0,-4.218847493575595e-15,9.598721360136054e-16,-1.7128927851654017e-16,9.306646427409106e-16,0.1252837638814085,-0.16089900821599226
1587,9.725815687019462e-15,1.2237663045657877e-15,2.961256744653096e-14,2.174871700128426e-15,1.8165645862886844e-14,7.086066154364948e-15,-3.885780586188048e-15,0.0,8.43769498715119e-15,8.061829105745679e-16,1.807261621513542e-15,3.3310386979309642e-15,0.12608537166142222,-0.16094309865774106
1588,-1.13566402969862e-14,1.3512355454618174e-14,-1.22448187166862e-14,5.068704525234407e-15,-5.512693150878653e-15,9.44412753509495e-15,-4.6629367034256575e-15,7.771561172376096e-15,-5.10702591327572e-15,2.534352262617237e-15,-2.756346575439318e-15,4.722063767547426e-15,0.12470091892631041,-0.1608669502792032
1589,1.5305209605103217e-15,-1.4456690594091777e-14,-1.445669059409181e-14,-5.011768639291599e-15,2.985682993464679e-15,-2.945756070169786e-29,7.993605777301127e-15,0.0,0.0,-2.5058843196457956e-15,1.4928414967323371e-15,2.3477204266347325e-31,0.12671007586894012,-0.16097745895857465
1590,-2.0232192806287504e-13,4.890614819273647e-14,-2.630453663715417e-13,1.2874564294996987e-14,-2.164134504842393e-13,1.7063371529917342e-14,-3.1308289294429414e-14,-9.992007221626409e-16,2.0872192862952943e-14,1.813373808633741e-14,-4.423702392322819e-15,1.2848493273134873e-14,0.12453620041288953,-0.15596174487695313
1591,2.536945195416805e-15,-5.004159367863759e-14,-6.836977310146302e-14,6.891762934110626e-15,1.2910224496789227e-14,-4.1356662593502444e-14,-8.548717289613705e-15,7.993605777301127e-15,4.218847493575595e-15,5.271770811808625e-15,8.932240270714486e-15,9.713325576054682e-15,0.12999016480053335,-0.16115787209025187
1592,9.78384331838254e-16,9.020591213819087e-17,9.194034714064525e-15,-2.9451203334680656e-15,-2.3948978672494175e-15,1.2872250137188798e-15,-1.887379141862766e-15,-2.3314683517128287e-15,2.220446049250313e-15,-1.4725601667340237e-15,-1.1974489336247182e-15,6.436125068593974e-16,0.12817764549699884,-0.16105817897503583
1593,4.6406414756273465e-15,8.249398761692931e-16,1.3001510889124301e-16,1.0635042872434773e-15,-1.5392516901591394e-17,2.289989264673896e-15,3.3306690738754696e-15,2.4424906541753444e-15,8.881784197001252e-16,-6.14187285276644e-16,1.265194918033641e-15,9.50027882736472e-16,0.1317769913895542,-0.16125615204162283
1594,1.1686773951676836e-15,8.03012524964849e-15,5.01967500175364e-15,1.1749024166438532e-14,-1.982290006642968e-15,-2.5015557636040603e-16,-1.9984014443252818e-15,0.0,0.0,6.060072581925688e-15,-9.952130635571674e-16,0.0,0.13424100835472028,-0.16139167916496083
1595,-6.98735990028486e-15,-2.9985126208468053e-15,2.6585093079755737e-14,7.418336365620005e-16,5.747120326839422e-16,-1.4230224930622937e-14,-3.9968028886505635e-15,4.440892098500626e-15,1.7763568394002505e-15,1.0335596079377123e-15,2.1568986502691868e-15,-3.504840512516787e-15,0.12606010785860539,-0.16094170908511685
1596,1.8919874699859583e-14,8.956073320773463e-16,1.5994631517511757e-15,6.817516274528509e-15,9.779868708114151e-15,7.811284709628909e-16,2.220446049250313e-15,0.0,0.0,7.796611393490221e-16,2.180010046824688e-15,0.0,0.12799442055038024,-0.16104810114266285
1597,-3.379935768228838e-15,3.1209150169345078e-15,5.780202096516365e-15,1.9051209077276817e-15,2.135723271815006e-15,2.779817262621993e-15,-2.3314683517128287e-15,0.0,0.0,1.0515543355972808e-15,-1.6923622132515488e-16,0.0,0.1292711116761688,-0.16111832236196263
1598,1.2135449398018752e-14,1.3023627817718898e-14,1.3023627817719131e-14,-2.3464299085403318e-15,1.1035391622589147e-14,-5.178754591139627e-29,-4.440892098500626e-16,0.0,0.0,-1.1732149542701517e-15,5.517695811294506e-15,0.0,0.1300565448298513,-0.1611615231586283
1599,7.25055524332209e-15,5.47419840392183e-15,5.474198403922008e-15,-1.058331462170285e-15,9.474441905274494e-15,-2.0054199909712916e-29,8.881784197001252e-16,0.0,0.0,-5.291657310851387e-16,4.7372209526372124e-15,0.0,0.13303006386467128,-0.16132507417579947
1600,-3.3545475014943977e-15,-6.9072611802947775e-15,-6.907261180294861e-15,7.150321268409703e-15,3.0747158086416982e-15,4.4759272586913687e-29,1.7763568394002505e-15,0.0,0.0,3.575160634204863e-15,1.5373579043208542e-15,3.944304526105059e-31,0.12960458729782945,-0.1611366643589318
1601,-1.8088094388635484e-15,5.2966179187374266e-15,7.295019363062558e-15,-1.2791732771284673e-15,7.848029900815976e-15,-7.961737190808192e-15,-3.6637359812630166e-15,-1.1102230246251565e-16,8.881784197001252e-16,-6.395866385641864e-16,3.924014950408035e-15,-3.980868595404108e-15,0.1303675636062311,-0.16117862997268956
1602,1.877519320476332e-15,1.5667924347994565e-14,-1.306215747244358e-14,7.208888926391901e-16,-1.1788964482672088e-14,9.796973993472856e-15,-9.547918011776346e-15,4.440892098500626e-15,-6.661338147750939e-15,-8.418391591717978e-15,1.1485327452099276e-14,7.924651656645419e-15,0.13207643718696307,-0.16127262231276634
1603,1.551275348753773e-14,-1.4223840376568002e-14,-3.421208144139619e-15,2.620909900902711e-15,-9.302173168530215e-16,-9.897996515054844e-15,1.509903313490213e-14,6.439293542825908e-15,-1.1102230246251565e-16,7.0842164149471e-15,2.4716873620570315e-15,-1.1638206390346667e-15,0.12936272134104276,-0.1611233611236781
1604,5.3937571305738025e-15,-3.0356603695830732e-15,-4.210428367712772e-15,1.3303158836833387e-15,9.623444768150488e-16,-2.2165678444687602e-15,8.881784197001252e-16,-1.1102230246251565e-15,-1.5543122344752192e-15,4.0027772574679966e-16,8.814310755289585e-16,3.785683809089655e-16,0.12944383985101848,-0.16112782284551766
1605,-1.798168529968148e-15,-1.9770866135269133e-15,5.87987995120799e-16,7.736418131795002e-15,-1.9418644913615636e-15,-3.964620116498631e-15,-4.9960036108132044e-15,-1.3322676295501878e-15,1.7763568394002505e-15,8.398522238842137e-16,-1.9203799210475007e-15,-1.1705931451158095e-15,0.13116848408447557,-0.16122268261111428
1606,5.473587628640158e-16,-7.749439969032833e-15,-1.2982691045658323e-15,1.8093632316931417e-15,3.1559553426898174e-15,-5.076717978828988e-15,-1.4432899320127035e-15,-1.6653345369377348e-15,2.4424906541753444e-15,1.0952043929853254e-18,1.0703763249787525e-15,1.9261238748595874e-15,0.0,0.0
1607,1.8292435553151444e-14,-1.4792210580677028e-14,9.854740566000709e-15,-1.505939362393113e-14,1.605893434415854e-14,-4.812658956312761e-15,7.771561172376096e-15,-8.770761894538737e-15,3.552713678800501e-15,-7.529696811965363e-15,8.029467172079196e-15,-2.4063294781560328e-15,0.0,0.0
1608,-3.6909743430388264e-15,-3.6266172089667384e-15,-2.0267286866424048e-15,-9.977519559483148e-15,-7.165276943602749e-15,-5.481942812032559e-15,0.0,2.220446049250313e-16,4.440892098500626e-16,-3.0624425460354115e-15,-1.709897751070331e-15,-6.555082860736087e-16,0.12470091892631041,-0.1608669502792032
1609,7.12111332003678e-15,3.783448165759689e-14,5.349379208383839e-14,-3.986943459205916e-15,3.4061663983601386e-14,-1.8344272750532635e-14,-6.661338147750939e-16,1.7763568394002505e-14,-2.4424906541753444e-15,-3.873821067142291e-15,5.598010368377087e-15,-1.3098633899294407e-14,0.0,0.0
1610,7.376677649682195e-16,1.9747015610936432e-16,5.833850838247523e-16,4.486339824000951e-15,3.221422321912794e-15,-1.9624246401472423e-16,0.0,0.0,0.0,2.2611933374358453e-15,1.6026484450653084e-15,0.0,0.0,0.0
1611,-6.0390675335548125e-15,-5.892165591321665e-14,-9.743710357063242e-15,1.0230987429236334e-14,1.6973188478447742e-14,8.577363179205106e-15,-1.2323475573339238e-14,0.0,0.0,5.855508319899117e-15,8.595234363676731e-15,0.0,0.0,0.0
1612,-2.5854213289221824e-15,3.930457416239667e-15,8.254388914968367e-15,-3.799421023119367e-15,-5.842930073136991e-16,9.479262932712474e-15,4.440892098500626e-16,-3.774758283725532e-15,5.10702591327572e-15,-1.0083379458507584e-15,2.141804331603726e-15,7.065389691988445e-15,0.0,0.0
1613,-1.0542975437846792e-14,-2.986988187022443e-14,4.224271494916554e-15,-6.193492878565695e-16,9.762655898358782e-15,1.2919261692563431e-14,-3.9968028886505635e-15,-7.771561172376096e-16,-5.773159728050814e-15,1.2524779085282504e-15,-3.4314727403758986e-15,1.3728090708090781e-15,0.0,0.0
1614,7.312363294557596e-16,-6.147863532372874e-15,-6.158244954335106e-15,-3.691646220828262e-15,3.5191387148793288e-15,6.175212918151216e-16,1.5543122344752192e-15,0.0,0.0,-1.624540577376332e-15,1.91843952649321e-15,0.0,0.0,0.0
1615,-3.874903705319398e-15,-1.0092152643220378e-14,8.781638775407548e-15,6.717505464769719e-15,5.7590905017814256e-15,4.3126764119818785e-15,-7.771561172376096e-16,-3.885780586188048e-15,5.551115123125783e-15,3.35875273238488e-15,2.8795452508906375e-15,2.1563382059909428e-15,0.0,0.0
1616,3.1857903231990625e-15,1.4683926103026452e-15,1.4862027650621213e-15,-2.6267355939725084e-15,2.0176379521998303e-15,-1.3648172407897175e-16,1.3322676295501878e-15,0.0,0.0,-1.3969409433787374e-15,9.887563798125276e-16,0.0,0.0,0.0
1617,1.8375728583786307e-14,-6.122319724562108e-14,-1.3938668597618383e-13,1.1059772469652545e-13,-4.876064143329246e-14,5.134073177305085e-14,-3.6637359812630166e-14,2.1094237467877974e-14,8.43769498715119e-15,-2.2917741356433375e-14,-1.2785904376919533e-14,4.8958202317981476e-15,-0.0423973018352724,-0.015468327894491398
1618,4.362138521176972e-14,-2.5860380243825784e-14,-3.219147147781147e-14,-4.859256211311231e-15,-4.176290027533986e-14,-3.518263115303387e-14,-2.6756374893466273e-14,-1.3877787807814457e-14,-6.8833827526759706e-15,-1.65526139590296e-14,-2.1376698659552245e-15,-8.425159389837487e-15,-0.0423973018352724,-0.015468327894491402
1619,2.26586759130915e-14,6.307346029487744e-15,-2.804625517400751e-14,2.2143127198279033e-14,3.098471916003227e-14,-5.385483911793082e-15,1.021405182655144e-14,9.325873406851315e-15,-1.176836406102666e-14,9.712722478734056e-15,1.7966269273451136e-14,3.6302259959952164e-15,-0.014484913734677798,-0.3416253439917506
1620,2.1274065787124494e-15,9.449111087714248e-15,2.0582101967966447e-14,2.7262473025220824e-15,6.727485854926963e-15,1.0562902801543454e-15,-2.9976021664879227e-15,8.881784197001252e-16,3.3306690738754696e-15,-3.6426338528175444e-15,-2.257810392533096e-15,-2.4414818029618702e-15,0.0,0.0
1621,-1.3586448848933277e-15,-3.668273442263663e-14,6.78167039885291e-15,2.4499612505977534e-14,-5.563635546490679e-15,-3.738092734109627e-15,-7.083222897108499e-14,-8.770761894538737e-15,1.6431300764452317e-14,-1.8050395627860924e-14,1.7834337857918207e-15,-5.92952012219169e-15,0.030072118824214882,-0.2837598451836915
1622,-1.5719060356071757e-14,-9.917943380419873e-15,8.115238137947603e-15,8.2167971307232e-16,-1.5335010861657796e-15,5.019932568951214e-15,-5.440092820663267e-15,-1.1213252548714081e-14,1.0658141036401503e-14,-1.5235928691978185e-14,-8.585932427511182e-15,-4.1842987306737724e-15,0.0,0.0
1623,3.4438452548605375e-15,-2.25059456292451e-15,2.2644363657969432e-15,4.357674016729891e-15,-1.7630950359096722e-14,9.007537643782863e-16,1.4654943925052066e-14,8.43769498715119e-15,7.993605777301127e-15,-2.0954326986487224e-15,-1.0780645494956579e-14,-1.271607278229652e-15,0.0,0.0
1624,3.2733987498245777e-14,-9.584068860514528e-15,1.4166640544769775e-14,-4.593932382217439e-14,2.161897950225128e-14,-4.455984992059239e-15,4.973799150320701e-14,-2.0539125955565396e-14,1.199040866595169e-14,-5.289266745301215e-14,1.2127847140110806e-14,-1.0502343457782478e-14,0.0,0.0
1625,8.567821124708616e-14,6.027091797371063e-14,5.784169173199004e-14,7.005876824556518e-14,4.517222534877293e-14,1.3857995878445138e-14,1.5543122344752192e-15,1.3766765505351941e-14,5.10702591327572e-15,7.569352035579341e-15,-6.178535263683858e-15,-2.0142716075850546e-15,0.0,0.0
1626,-4.6811059795313945e-15,4.181854044675757e-14,2.9147511375204884e-14,-6.582628009405062e-15,1.1287742501762739e-14,-1.339902358041337e-14,5.3734794391857577e-14,-4.107825191113079e-15,-6.106226635438361e-15,4.596190981629571e-14,-3.54946301501734e-14,-1.8301100900952913e-15,0.0,0.0
1627,-6.54115351159132e-15,-5.30439186053786e-15,1.4576237402622806e-15,7.882949464298008e-16,-2.7721063203725623e-15,3.3844466826712335e-15,-1.1657341758564144e-14,-3.3306690738754696e-15,1.0436096431476471e-14,-1.3854767957113109e-14,-5.538342276802776e-15,-2.309435665764208e-15,0.0,0.0
1628,-1.2684860033463121e-14,-5.801477280787001e-15,-5.1353434660120365e-15,1.0862180920568358e-14,-1.1648239280246619e-15,2.7228854037613424e-15,-6.217248937900877e-15,-2.7755575615628914e-15,-2.4424906541753444e-15,5.431090460284184e-15,-5.824119640123915e-16,1.3614427018807184e-15,0.0,0.0
1629,-3.003327172027231e-15,2.2570203421891096e-15,5.619781338776209e-15,8.709474653883597e-15,5.25377782750431e-15,-1.442806130007017e-14,-5.218048215738236e-15,7.105427357601002e-15,3.3306690738754696e-15,4.26925477679806e-15,9.19753051791994e-15,3.4223018903330816e-15,0.0,0.0
1630,2.0731135051443912e-14,5.9847256392230096e-15,7.066713080351721e-15,-5.777212775303449e-15,-6.651317879361682e-15,-8.300706954498172e-15,4.440892098500626e-15,-4.440892098500626e-16,-2.4424906541753444e-15,-2.3993947189670277e-15,-2.8536150385524688e-15,-4.3162228775826675e-15,0.0,0.0
1631,-2.28348850236435e-15,1.3128454463136239e-14,-6.066042827026845e-17,-2.369111691248551e-14,5.886623744466593e-15,-7.984562402341778e-15,-4.6629367034256575e-15,1.7985612998927536e-14,-4.440892098500626e-15,-1.8553484331124372e-14,2.5963993895027875e-15,-8.239510910029774e-15,0.0,0.0
1632,6.876243873287214e-15,-1.7745220470166278e-15,8.497374456347445e-16,-4.2883189788835964e-16,-5.388409976990443e-15,2.5129835909299252e-15,6.661338147750939e-16,-2.3314683517128287e-15,4.440892098500626e-15,-1.9455798958635364e-15,-5.949565679626206e-15,3.726632457981796e-15,0.0,0.0
1633,1.3108582640886143e-14,-4.701757590000675e-15,7.643642138015835e-15,-1.2677195624247143e-14,6.246759371703774e-15,-5.076034727643566e-15,4.440892098500626e-15,-2.3314683517128287e-15,2.886579864025407e-15,-7.862292243048291e-15,2.1624620000713348e-15,-3.7625994299157545e-15,0.0,0.0
1634,7.009388753215376e-15,1.2362290251645802e-15,-2.982618468410956e-15,-3.3022527534373808e-15,9.786539550509994e-16,-2.3375851389787e-15,3.1086244689504383e-15,2.220446049250313e-16,-1.887379141862766e-15,-1.6511263767186754e-15,4.893269775254986e-16,-1.168792569489344e-15,0.0,0.0
1635,-1.2566075336370333e-14,2.755002403456561e-15,4.087270033006774e-15,1.920058265553369e-15,5.9183297304874846e-15,1.5692444550099286e-18,-5.88418203051333e-15,1.7763568394002505e-15,2.4424906541753444e-15,9.60029132776602e-16,2.959164865243731e-15,7.846222275238351e-19,0.0,0.0
1636,-9.624574935967201e-16,-2.9608589379219897e-15,-3.1829035428470407e-15,-3.3563033808085227e-16,-2.374134188080293e-17,1.0801204550862375e-15,0.0,-9.992007221626409e-16,-1.1102230246251565e-15,-1.6781516904042493e-16,-1.1870670940398927e-17,5.400602275431188e-16,0.0,0.0
1637,8.119350545622546e-15,1.9021016077216277e-15,7.918785830964819e-16,-5.189367742984124e-16,-2.837619231106029e-15,-7.836594056309631e-19,8.881784197001252e-16,-2.220446049250313e-15,-2.7755575615628914e-15,-2.594683871491841e-16,-1.4188096155530007e-15,-3.9182970281998284e-19,0.0,0.0
1638,3.162957549163143e-15,5.408480585935724e-15,8.178434350401081e-15,1.3889860263693362e-15,-1.3103474399012965e-15,-3.5265718319745095e-15,-2.7755575615628914e-15,-8.881784197001252e-16,-1.1102230246251565e-16,9.020590261464363e-16,-4.907547864019751e-16,-1.9007418713534998e-15,-0.222506130275374,-0.05982185168647411
1639,2.470901255164075e-14,3.1037960306785224e-14,4.652512219241262e-14,-1.6791969243356624e-14,2.2914897257032254e-14,-3.315323958787132e-14,4.218847493575595e-15,1.1546319456101628e-14,3.552713678800501e-15,-4.0178877574911524e-15,-9.713857968666024e-16,-5.6452857317047496e-15,0.0,0.0
1640,-4.291629166052366e-15,-5.168708823268152e-16,-5.8459414005275786e-15,-3.473864408688588e-16,-3.958949160469749e-16,1.814719119838651e-15,-1.9984014443252818e-15,-1.1102230246251565e-16,-2.7755575615628914e-15,-1.7369322043442748e-16,-1.979474580234872e-16,9.073595599193239e-16,0.0,0.0
1641,3.2578002477446926e-15,7.032558531470261e-15,4.5900678772949065e-15,-1.3524417485364783e-15,4.0781452242105525e-15,2.1259244939609893e-15,-1.9984014443252818e-15,-1.1102230246251565e-16,-1.3322676295501878e-15,-6.762208742682361e-16,2.0390726121052612e-15,1.0629622469804856e-15,0.0,0.0
1642,7.470176938719373e-15,5.450546487613068e-15,5.578905100834825e-15,-1.5191838054421765e-15,-9.796242832943953e-16,2.9076545038648877e-15,8.881784197001252e-16,8.881784197001252e-16,4.440892098500626e-16,-1.6211616869905566e-15,-1.6024172651852508e-15,7.319874919037308e-16,-0.05983382066475216,-0.26394157574668725
1643,1.0042402862683584e-14,-1.5039165934182012e-15,-7.565868946171152e-15,-6.594448360467208e-15,7.218487184160832e-15,5.64802630636591e-16,5.329070518200751e-15,-4.440892098500626e-16,1.3322676295501878e-15,-3.297224180233591e-15,4.679761988147961e-15,-1.2772981862089408e-15,-0.10580970838115397,-0.21790889576876651
1644,-3.983577604230143e-15,-1.3753540220931433e-14,-1.3753540220931278e-14,1.6878368160561079e-16,8.785614818608902e-15,2.9657368285072454e-30,4.884981308350689e-15,0.0,0.0,8.439184080280573e-17,4.3928074093044686e-15,0.0,0.03570333647517347,-0.24880302822504557
1645,2.1198061422306906e-13,1.8660887067796988e-14,1.4811821259945375e-14,4.733474367340655e-14,-4.5079709326045424e-14,-6.891378204353973e-15,-1.965094753586527e-14,0.0,0.0,4.2747150683388154e-15,-4.072682352398575e-16,0.0,0.07427117579034305,-0.17289431671093905
1646,7.888455666952699e-15,4.663003165744804e-15,1.014572587321966e-14,-7.448840465523009e-15,8.599702342556885e-15,-2.5667756913616357e-15,-2.1094237467877974e-15,3.774758283725532e-15,-1.4432899320127035e-15,-3.652378421599492e-15,1.3639575338304786e-15,-1.962817530800467e-15,0.03621867731120988,-0.2757774089132159
1647,1.3155157485446297e-14,1.2711068275596232e-14,1.2711068275596443e-14,-1.185637437421572e-15,1.0341875334320993e-14,-2.4523429139034927e-29,2.220446049250313e-16,0.0,0.0,-5.928187187107782e-16,5.170937667160429e-15,0.0,0.07038635708772345,-0.2314043948268594
1648,9.536536082822529e-15,-6.775157437289545e-16,-6.775157437288018e-16,-1.1048873096383353e-15,8.801427191402651e-15,-1.944917042097275e-29,5.10702591327572e-15,0.0,0.0,-5.524436548191624e-16,4.400713595701284e-15,0.0,-0.22250613027537394,-0.059821851686474095
1649,-1.5237809684856073e-14,-1.2489995745792648e-15,-7.466248512480116e-15,-2.626366678349673e-15,-1.2602842737820144e-15,-8.890127017522483e-16,-4.551914400963142e-15,2.4424906541753444e-15,-6.661338147750939e-16,-1.3131833391748323e-15,-6.301421368910205e-16,-4.445063508761121e-16,-0.08959903011344095,-0.23986927954329884
1650,-3.649562016063094e-16,-3.6495620160629007e-16,-3.6495620160614916e-16,-3.1088529121016027e-15,8.951471468892672e-15,-5.565761628732282e-29,0.0,0.0,0.0,-1.554426456050802e-15,4.4757357344463376e-15,0.0,0.06463064500066501,-0.20232440047449374
1651,-3.844856345189376e-15,7.146987442851422e-15,1.587124627315872e-14,2.4250128103959693e-15,-6.7385148804060455e-15,6.659715590983705e-15,-1.432187701766452e-14,8.881784197001252e-16,3.1086244689504383e-15,-4.070185456304029e-15,-4.503154608098982e-15,2.83350713109844e-16,0.0,0.0
1652,-1.1591292755572458e-14,-5.962318619485506e-15,-2.4502870888227577e-14,-3.308729560047915e-15,1.8745269162938465e-14,-1.7360282405907046e-16,-2.220446049250313e-16,-4.218847493575595e-15,-1.1102230246251565e-16,-4.732526817173278e-15,-8.560982736073194e-15,-8.621277102409064e-15,0.12470091892631041,-0.16086695027920322
1653,2.991665735810793e-14,1.1765542358659592e-14,-9.784053982115118e-16,1.9643462438630503e-14,-5.948291361649539e-15,-5.3365971779787345e-15,1.554312234475219e-14,4.6629367034256575e-15,-4.884981308350689e-15,1.0315735829140242e-14,-8.389274537054837e-16,-1.2621543855075312e-15,0.12470091892631041,-0.16086695027920322
1654,1.2402673724534757e-14,1.1048574944491487e-14,5.8440766186060046e-15,4.964903086784662e-15,-3.800111874699997e-15,7.230561188612688e-15,5.995204332975845e-15,5.995204332975845e-15,1.7763568394002505e-15,2.7445359988974657e-15,-8.648375946067983e-16,4.480501010439318e-15,0.09125007030148408,-0.20430902732214878
1655,-2.078734805751639e-14,-2.839583803259711e-14,-3.670709666342408e-15,1.0365983135331968e-15,1.1499196356721612e-14,1.817907379827905e-15,-6.217248937900877e-15,0.0,0.0,4.542495775137373e-15,5.506073559949178e-15,0.0,0.09553218511774617,-0.13548610724483698
1656,-1.3277499748990989e-14,-9.058652255415436e-15,-9.058652255415386e-15,1.767018269504283e-15,5.261445750186163e-15,1.8594141529169647e-29,-2.1094237467877974e-15,0.0,0.0,8.835091347521532e-16,2.6307228750931165e-15,0.0,0.12470091892631041,-0.16086695027920322
1657,9.39097281502915e-15,1.1741602095867124e-14,4.212052241784758e-14,1.3474779557174508e-15,-3.075220207218702e-14,3.0573226229454327e-14,-3.275157922644212e-14,1.176836406102666e-14,7.771561172376096e-15,9.91997605268875e-15,1.350565869317235e-14,3.875349831992985e-15,0.08738051062074842,-0.12839302009770825
1658,-1.4091818957368667e-13,2.497984042608997e-15,2.1542671010481167e-14,3.5747256053272396e-14,2.966077310023071e-14,-1.9730342360868908e-14,1.0436096431476471e-14,-4.773959005888173e-15,3.441691376337985e-14,1.7570064397514693e-14,-9.028049349433559e-14,3.957671315111698e-15,0.12470091892631037,-0.16086695027920317
1659,-1.0826138802812806e-14,-1.631159078696787e-14,-6.861952180005009e-14,7.30065295114442e-14,4.301806065160291e-14,-4.3179636170669017e-14,-1.887379141862766e-15,2.4868995751603507e-14,9.769962616701378e-15,-2.5546532444944206e-14,-1.6305999602527803e-14,1.0909012323774948e-14,0.1247009189263104,-0.1608669502792032
1660,2.71986246383168e-14,-3.9191112455141406e-15,-2.974195176121237e-14,2.4991663259340194e-15,1.80751544232085e-14,8.537110042857338e-15,-1.199040866595169e-14,-8.326672684688674e-15,-1.7763568394002505e-14,-1.1930883100645118e-14,1.7804063428383292e-14,4.6592787176717856e-15,0.06371754402434972,-0.24006507468384417
1661,2.81394733164551e-15,2.524377633401976e-15,-1.6959071204133793e-14,5.943271951535693e-15,1.2008931521527311e-14,4.0011460973065e-15,-1.4099832412739488e-14,-1.5543122344752192e-15,-7.771561172376096e-16,-7.951299417786139e-15,3.083284892644828e-15,-2.509215523266077e-15,0.1247009189263104,-0.1608669502792032
1662,6.836050756902015e-14,8.462769930695323e-14,1.1968371859561759e-14,-9.436838348313411e-14,1.8549431352821342e-14,-1.2240695181158652e-14,-9.08162434143378e-14,1.4654943925052066e-14,1.7763568394002505e-15,9.048934439584034e-14,4.101168912801809e-14,1.3792870160486167e-14,0.1247009189263104,-0.1608669502792032
1663,8.430625141897019e-15,-1.0768957496726656e-14,1.6014469070934653e-14,2.0638890226694522e-14,3.4312996020246814e-15,-6.6006429770642945e-15,-1.9984014443252818e-15,1.7541523789077473e-14,1.354472090042691e-14,2.1958410799875986e-14,1.52779019889184e-14,9.539541447727934e-15,0.1247009189263104,-0.1608669502792032
1664,-2.859572961719949e-16,6.575702056600541e-16,-3.619491694841039e-15,-3.681964879415961e-15,-9.062975699187619e-15,-1.1920473302166859e-15,1.2656542480726785e-14,2.6645352591003757e-15,3.774758283725532e-15,-3.8229144476126454e-15,-3.930864858712017e-15,-6.542510381721422e-16,0.0,0.0
1665,8.675633179243196e-15,-5.253491050664978e-16,-8.784736945208709e-15,1.3998679809447224e-15,3.676585568532503e-15,1.2399455957729908e-15,3.1086244689504383e-15,-2.55351295663786e-15,-4.884981308350689e-15,-3.2281012632004047e-15,6.724658483598445e-15,-3.7448287763606675e-15,0.12470091892631041,-0.1608669502792032
1666,-1.541082151612779e-14,1.7203370390007213e-14,1.7316970061298006e-14,4.0347707700870056e-15,1.1525251551358159e-14,-1.300118023319533e-14,-9.992007221626409e-15,3.9968028886505635e-15,-1.7763568394002505e-15,1.5192808191901861e-15,7.090529949678672e-15,-1.8932455488596398e-15,0.07154658686997722,-0.22989762314063128
1667,6.49236612184803e-15,3.827830862747615e-15,-3.2775964948532357e-15,1.8075013253355995e-16,4.385533719863484e-15,-3.336605556386047e-15,2.220446049250313e-16,-1.1102230246251565e-15,-4.6629367034256575e-15,9.037506626677784e-17,2.1927668599317494e-15,-1.668302778193008e-15,0.07884444537109087,-0.14752168006606733
1668,2.8830735406296604e-15,8.772011520780418e-16,-7.676843254368485e-15,-9.63901843015565e-15,5.813609917261314e-15,8.537447074930721e-15,-2.220446049250313e-16,0.0,-1.9984014443252818e-15,-4.389178459665789e-15,2.33503141920827e-15,1.3169482445575186e-15,0.12470091892631038,-0.16086695027920322
1669,-1.0669060037712822e-14,-2.72275199150197e-14,-2.8157992054439615e-14,3.9562127955155694e-15,7.465301381050995e-15,9.295970008820101e-16,9.325873406851315e-15,0.0,0.0,1.5466464367102045e-15,4.231116959392815e-15,0.0,0.12470091892631038,-0.1608669502792032
1670,-7.07268002895397e-14,-2.5776060111091262e-14,-3.885019049100366e-14,-7.706479654738844e-15,-3.003012896091305e-14,-3.181795337789679e-14,5.329070518200751e-15,-4.440892098500626e-16,-2.55351295663786e-15,1.0562404097108357e-14,3.476844467270384e-15,-7.732370367248716e-15,0.12487658451093694,-0.1608766123276755
1671,7.626942905647212e-16,-1.4117184362950481e-14,-1.3816057536969393e-14,6.062729980109398e-15,-3.319689159178132e-15,1.6153124646391148e-15,4.6629367034256575e-15,-3.3306690738754696e-15,-2.55351295663786e-15,3.114091817949678e-15,-1.1897615695199473e-15,5.822386868765428e-16,0.12361207352748044,-0.1570640984792858
1672,-1.1167533418331495e-14,-7.338594687109419e-15,-1.1464580651001506e-14,1.6481987971134224e-14,-9.30027334968935e-16,-1.1586994378869033e-16,2.220446049250313e-16,0.0,0.0,8.28909945026811e-15,-4.703093834739754e-16,0.0,0.12565730332787228,-0.1609195538239764
1673,1.2267066219400247e-14,5.161638861799172e-15,5.6057280716494175e-15,-1.2541900005427164e-15,1.0783952277719415e-14,-1.4960177618756415e-15,3.552713678800501e-15,0.0,2.220446049250313e-16,-6.27095000271343e-16,5.391976138859663e-15,-7.480088809378091e-16,0.12358976911040023,-0.15610768072840356
1674,-1.0706131954220985e-14,-7.848573638508023e-15,4.6118512018096074e-15,1.6434570044513731e-15,9.113901954139561e-15,-1.0936817300901457e-14,-3.3306690738754696e-15,-1.4432899320127035e-15,2.220446049250313e-15,5.123635874358413e-16,4.483668486901021e-15,-6.1364270802024035e-15,0.12719436185272245,-0.16100409590433543
1675,-8.990669316895606e-16,2.0373923587913713e-14,6.630343058279223e-14,-4.478300102938825e-15,-1.0800977953432442e-14,4.3716512372512936e-14,-1.1102230246251565e-15,3.552713678800501e-15,8.881784197001252e-16,-1.0392504509952482e-15,-7.293837188391211e-15,1.379590903067785e-14,0.12875695040775742,-0.1610900422004927
1676,-1.6656609913372448e-14,2.2842493541245185e-16,-1.200183574974259e-15,-2.8916516081052867e-15,8.447497575114749e-15,1.4099814006810917e-15,9.992007221626409e-15,2.220446049250313e-16,4.440892098500626e-16,-1.854863926469844e-15,2.1716326960666997e-16,6.637701817599519e-16,0.12486551992985079,-0.1608760037479186
1677,-7.850591598405887e-15,-8.943809850951323e-15,-6.7862783092697394e-15,-5.4031827312102884e-15,-8.215303837246994e-15,-7.99404454692036e-15,-1.6653345369377348e-15,-1.4432899320127035e-15,1.9984014443252818e-15,1.371131269898724e-15,-1.8110386161464963e-15,7.306412181424886e-16,0.12556824402990746,-0.16091465533884813
1678,2.638930624981855e-14,1.4224248099498755e-14,1.4183448543407207e-14,-2.3632213900854343e-15,1.7182682288618844e-14,-4.194190530079546e-15,-8.881784197001252e-16,2.6645352591003757e-15,-4.9960036108132044e-15,-9.146105138880311e-16,1.301953530980435e-15,-8.781299701411335e-16,0.12620240667998603,-0.1609495358777846
1679,-2.3347861307502226e-15,1.4399721529752936e-15,-5.887499809550566e-15,-3.614395050145678e-15,5.415889100486591e-15,-4.817483516078824e-15,-5.551115123125783e-16,1.3322676295501878e-15,-2.3314683517128287e-15,-1.807197525072854e-15,2.707944550243319e-15,-2.408741758039415e-15,0.12710502852929528,-0.1609991823471183
1680,1.003349673871461e-14,5.354690079374244e-15,-7.078641534530992e-15,1.2785743971698583e-15,7.255186542708516e-16,-2.134315691343882e-15,-2.220446049250313e-16,-4.440892098500626e-16,4.440892098500626e-16,3.104942043419217e-16,2.84120985098598e-15,-4.286415204864016e-16,0.1285391133643848,-0.16107806061584362
1681,-3.8242932971552406e-14,-7.325114622523368e-15,6.017910179626953e-15,-1.2806050703930267e-15,-1.1550619502563673e-15,-1.8851349156231384e-15,-3.086420008457935e-14,1.7763568394002505e-15,6.439293542825908e-15,-8.076186561657334e-16,-2.0924188040283273e-15,-2.394438388312141e-15,0.0,0.0
1682,8.871791687452723e-16,8.303829909539143e-15,4.9508856396168e-15,1.291434355504539e-14,5.723576144036071e-16,7.843160634551161e-17,-1.9984014443252818e-15,0.0,0.0,6.577116484334166e-15,3.812074006349961e-16,0.0,0.12891262509928827,-0.16109860469962237
1683,5.629514858866131e-15,9.608888663583261e-15,9.302571599523569e-15,2.0364484211471916e-15,-3.560578815766979e-16,-5.892173394978153e-15,-1.4432899320127035e-15,1.3322676295501878e-15,4.440892098500626e-16,1.2212639639974766e-15,-4.399067492774076e-17,-3.0100771314759287e-15,0.1283480705266173,-0.16106755277981702
1684,3.457003988327167e-15,7.740816855683601e-15,4.991826785000944e-15,1.0865467855697171e-14,-3.645390612891813e-16,-4.329729668944781e-17,-7.771561172376096e-16,0.0,0.0,5.516405603563348e-15,-1.733114019015579e-16,0.0,0.12823175630167077,-0.16106115520523323
1685,-7.296384326622057e-15,-8.014997311678265e-15,-1.1475883426509655e-14,1.407173546588269e-14,2.586419450857416e-15,3.061619067052748e-16,1.9984014443252818e-15,0.0,0.0,7.074571651531697e-15,1.2463593670259026e-15,0.0,0.12792833292152078,-0.16104446615704626
1686,2.6704244666041255e-15,1.8718571019397503e-14,1.6271451991486112e-14,-7.893862392225132e-15,-7.095795647041802e-15,2.2631320719461498e-14,5.329070518200751e-15,-4.551914400963142e-15,4.440892098500626e-16,-1.2642815257164238e-15,4.640096899574363e-16,2.6914743364806548e-15,0.1280965542607765,-0.16105371875332122
1687,1.1542133091231192e-14,1.2430311510931346e-14,1.2430311510931352e-14,-3.131823520984683e-15,-3.626642871435312e-15,2.1201025566720845e-29,-4.440892098500626e-16,0.0,0.0,-1.5659117604923233e-15,-1.8133214357176352e-15,-7.574926636119136e-31,0.128327984094126,-0.16106644797556763
1688,1.7016850812657777e-14,-3.3363355091921573e-14,3.621712150057326e-15,1.2123025848046257e-14,-7.93355962018018e-14,4.294695134665647e-14,-1.4432899320127035e-14,-3.985700658404312e-14,-5.595524044110789e-14,3.4140821186163914e-14,4.179280280582796e-14,-5.960150416306954e-14,0.1281881040558486,-0.16105875422204716
1689,1.0813039186864132e-14,-2.509637108637681e-15,3.769427553877025e-16,2.259074132010226e-15,3.070632490465232e-15,-3.1831563561015844e-15,4.884981308350689e-15,-1.7763568394002505e-15,-3.3306690738754696e-16,1.1295370660050892e-15,1.5353162452326023e-15,-1.5915781780508247e-15,0.12955530144387026,-0.16113395351314513
1690,1.254346990650703e-14,5.530612405552396e-16,1.0897203070503339e-16,-3.829341536089138e-15,3.5459893870807543e-15,4.449244031887888e-15,8.659739592076221e-15,2.6645352591003757e-15,2.4424906541753444e-15,-1.914670768044557e-15,1.7729946935403803e-15,2.2246220159439457e-15,0.12932954614684591,-0.16112153640465252
1691,1.1052117761623616e-14,2.392378169547329e-15,8.38065935072116e-16,-2.5042484514307427e-15,-1.3363420627420566e-15,-7.135753758422465e-16,2.220446049250313e-15,-2.1094237467877974e-15,-2.886579864025407e-15,-1.2521242257153509e-15,-6.681710313710304e-16,-3.567876879211228e-16,0.13041911935508943,-0.16118146566839828
1692,8.24864864069026e-15,1.4203232018403925e-14,1.8230251093363453e-14,-6.1926646912724664e-15,1.660898635461778e-14,-9.752507687952126e-15,1.3322676295501878e-15,4.884981308350689e-15,3.552713678800501e-15,-1.016420444148174e-15,4.668200942270386e-15,-1.9144333727901517e-15,0.0,0.0
1693,1.0535095130256231e-14,8.758738290855989e-15,-3.450905110702261e-16,-2.571074148943267e-15,-9.37950648456087e-16,-4.9174388218762346e-15,-6.661338147750939e-16,-1.5543122344752192e-15,-6.106226635438361e-15,-1.2855370744716266e-15,-4.689753242280523e-16,-2.4587194109381216e-15,0.0,0.0
1694,3.0947528348134383e-15,-7.211550966946926e-14,-2.2817362387898193e-15,2.7616557101688842e-14,-2.327036523900263e-16,-3.7937559915693065e-15,2.886579864025407e-15,1.9984014443252818e-15,-5.551115123125783e-16,2.1668277352100707e-15,1.800809184960987e-15,-3.700244177326929e-15,0.0,0.0
1695,1.727929933578956e-14,9.357586635926645e-15,1.3298860268681652e-14,-1.0112549708226067e-14,1.6647081701435454e-14,-1.4387742544582088e-14,2.4424906541753444e-15,-4.440892098500626e-16,-1.5543122344752192e-15,-1.6562476435205897e-15,3.660209142351115e-15,-3.208759849947057e-15,0.0,0.0
1696,-6.755304261303604e-16,-7.780957783731332e-15,-7.780957783731287e-15,5.423989552810581e-16,4.721688922876611e-15,5.122078277860823e-30,3.552713678800501e-15,0.0,0.0,2.7119947764052925e-16,2.360844461438307e-15,0.0,0.0,0.0
1697,8.863681761000565e-15,5.310968082200046e-15,5.310968082200043e-15,-1.856422147918487e-15,-1.3420594788236321e-15,6.935999276325586e-31,1.7763568394002505e-15,0.0,0.0,-9.282110739592353e-16,-6.7102973941181015e-16,-2.1446289764958064e-30,0.12470091892631038,-0.1608669502792032
1698,8.664259051851267e-15,-6.616143550000859e-16,-6.616143550000208e-16,-4.2377029927916896e-16,5.721305473645505e-15,-4.849038665668521e-30,4.6629367034256575e-15,0.0,0.0,-2.1188514963958265e-16,2.8606527368227278e-15,0.0,0.0,0.0
1699,7.688779738660609e-15,-7.365240334009726e-15,-1.3946633781209811e-14,-2.9549317046203885e-15,-9.567877494954338e-15,1.0219410231236303e-15,7.771561172376096e-15,-2.3314683517128287e-15,-5.995204332975845e-15,1.3190071244293385e-16,-5.2466186616614526e-15,5.699467755265895e-16,0.0,0.0
1700,-8.135603374159255e-15,9.951123651682453e-15,-9.15715618220967e-15,-2.767442034666693e-15,-1.3879837749088169e-14,3.944479533686932e-15,-3.552713678800501e-15,5.995204332975845e-15,2.6645352591003757e-15,-6.62926597718034e-15,-2.7050013949175267e-15,1.1243508980304497e-15,0.0,0.0
1701,-9.80384910201515e-15,2.2097385554487993e-15,1.3540297409413415e-15,2.4324045685989667e-15,-2.132871390088507e-15,-8.274454837939791e-16,-1.4432899320127035e-15,0.0,0.0,-5.642093002085681e-16,4.558296706147501e-15,0.0,0.0,0.0
1702,-5.335515678866021e-14,-1.9247392732601308e-14,-1.2466829202549176e-14,-1.5834836555261073e-14,-1.3142450293191086e-14,-1.2016161698329368e-14,-1.887379141862766e-15,0.0,0.0,4.138691389808984e-15,4.453547781531102e-15,0.0,0.0,0.0
1703,-3.172449715194867e-15,-5.839152195377487e-15,-4.565035695429202e-14,1.9919331594932443e-15,-6.541274412405979e-16,1.1173481785944388e-14,-1.1102230246251565e-15,-3.3306690738754696e-15,-6.772360450213455e-15,9.21922098656961e-16,-2.1482916116779164e-15,3.747019364675558e-15,0.12470091892631037,-0.16086695027920317
1704,-6.919539480547907e-16,-6.819789766477961e-15,-8.059881229141219e-14,6.5079202830191326e-15,2.5173201452838903e-14,-3.084134747839613e-14,-6.661338147750939e-16,-5.551115123125783e-16,-1.4765966227514582e-14,1.2264381871563527e-15,1.5155824551029345e-14,-7.227798354268518e-15,0.0,0.0
1705,-2.0614764328509162e-14,6.158824009108353e-14,1.359010761589757e-14,-8.393182673835512e-15,1.0058600844775375e-14,4.545746877650384e-14,-1.4210854715202004e-14,2.6867397195928788e-14,9.992007221626409e-15,-1.8020613067156775e-15,4.354980385741804e-15,2.0755872368276877e-14,0.1247009189263104,-0.1608669502792032
1706,-2.828015629696312e-15,-1.2440605639221666e-14,-1.2593649742005962e-14,-1.4465258071101976e-15,1.9336511741575715e-15,9.54141577523514e-15,2.220446049250313e-16,1.1102230246251565e-15,-4.440892098500626e-16,-2.495692707733847e-15,2.2879747287009302e-15,-1.066250576204691e-15,0.1046573559299,-0.18689720193801934
1707,-3.467655929679292e-14,4.695393875294259e-14,6.0410343253966096e-15,5.070460703889411e-15,2.0855407523560617e-14,3.693749392254904e-14,-2.1649348980190553e-14,1.6209256159527285e-14,8.215650382226158e-15,7.503303362587877e-15,7.889266366400632e-15,1.763010184368399e-14,0.12470091892631036,-0.16086695027920317
1708,1.2594677560078315e-14,-6.219646212177895e-15,5.054655967458317e-16,-3.994377298592356e-15,3.757076593517173e-15,-3.8626734712633e-15,3.3306690738754696e-15,-5.218048215738236e-15,-2.6645352591003757e-15,-2.5323124474413374e-15,1.3076733561331393e-15,-2.4103971126108977e-15,0.12470091892631043,-0.1608669502792032
1709,-1.8423655147151984e-14,4.77727086750645e-15,-1.8809837416435114e-14,1.712146804325248e-14,-1.7027498370510332e-14,9.926398662938614e-15,-1.0769163338864018e-14,-3.4416913763379853e-15,9.547918011776346e-15,1.472576744070731e-14,2.0207284159110234e-15,3.962747340167793e-15,0.0,0.0
1710,-2.2620679423490946e-14,1.341561302298119e-14,8.639360551776418e-15,2.5215028184523412e-15,1.854921192240783e-14,3.606375711001974e-14,-1.0103029524088925e-14,1.4432899320127035e-14,8.881784197001252e-15,3.618388508395761e-15,5.5549183971133365e-15,1.7121082701798973e-14,0.12470091892631038,-0.16086695027920317
1711,-1.3250978510927694e-13,-5.2522349415553484e-14,-3.627525053927322e-14,-3.7060777419252467e-14,-3.950293728599932e-14,-3.427903663192627e-14,-5.551115123125783e-16,0.0,0.0,1.39257078110234e-14,7.365635660173776e-15,0.0,0.12470091892631038,-0.1608669502792032
1712,1.1714247070608627e-14,-1.3833020498083272e-14,2.5781751648312835e-14,-1.0549503009713722e-14,-2.6996573074695617e-14,-2.3363758762295414e-15,-5.329070518200751e-15,1.9984014443252818e-15,-5.218048215738236e-15,-3.0861314438697048e-15,-1.837826275548391e-15,-2.0293480944649067e-16,0.0,0.0
1713,-1.8994285387403704e-14,-6.853180607077013e-15,-8.874546272340791e-16,-2.046955949225263e-14,-6.604404597392267e-16,-1.17690055520793e-15,3.9968028886505635e-15,0.0,0.0,-9.749119320134948e-16,5.379645376928589e-15,9.860761315262648e-31,0.0,0.0
1714,-2.0902096107284915e-14,-3.309033800779468e-14,-4.9445543055150965e-15,-1.9022441244622756e-14,-2.8328955465512894e-14,-1.9716499346747928e-14,-5.773159728050814e-15,-1.8318679906315083e-14,1.5543122344752192e-15,-1.3214897367540319e-14,1.116943354721414e-15,-4.859959268091379e-15,0.0,0.0
1715,4.2848698354041225e-14,-2.4196552262667435e-14,3.2578097794667356e-15,4.847535656084355e-15,1.3055571249779618e-14,7.500103740882476e-16,-5.140332604014475e-14,-3.774758283725532e-15,6.439293542825908e-15,-7.145665270331551e-15,7.116187562575292e-16,-3.598676788000095e-15,0.0,0.0
1716,-4.007166457330608e-14,-1.6634469939872265e-14,-3.1401488507386426e-15,-4.339997868770307e-15,-5.217097533474495e-15,-3.269713993630323e-16,-2.475797344914099e-14,-6.217248937900877e-15,5.551115123125783e-15,-9.234949909972903e-15,-8.832703241454128e-16,2.300483731273761e-16,0.0,0.0
1717,-2.2687266969476513e-15,-2.7247891698973144e-14,-1.0174326789501918e-14,1.487597224492824e-14,2.7362365107056877e-15,2.62855211272249e-14,1.1102230246251565e-15,-4.440892098500626e-14,-3.708144902248023e-14,1.4799194865746877e-14,8.757148926783583e-15,-5.057081982196102e-14,0.0,0.0
1718,7.294352424226512e-14,5.295066693471227e-15,5.295066693471293e-15,-1.825662567681126e-15,1.9598027084661336e-14,2.1999334076742608e-30,-9.547918011776346e-15,0.0,0.0,1.327358057669261e-16,8.223826457670266e-16,0.0,0.0,0.0
1719,-2.6618074063216975e-14,2.4179366196390474e-14,-1.2081121234158883e-14,2.871977555141839e-14,2.272631866050132e-14,-1.455674104645739e-14,-1.5432100042289676e-14,2.886579864025407e-15,5.329070518200751e-15,5.1509145376607875e-15,4.122905326054e-15,-2.716768958635745e-15,0.12470091892631038,-0.16086695027920314
1720,5.8308003179918086e-15,2.6923427944490605e-14,1.500644079831829e-14,3.476192427726697e-15,-5.321208547933337e-15,-1.9243063890186346e-14,2.220446049250313e-16,1.0436096431476471e-14,1.3322676295501878e-15,2.8854313841657742e-15,-2.9256893702801645e-15,-8.935459993048213e-15,0.12470091892631041,-0.1608669502792032
1721,1.529866430912359e-15,1.0781341013398365e-14,-2.037338496857322e-15,2.142678116196734e-15,3.854043659375413e-15,-7.519590676976596e-15,-2.1094237467877974e-15,1.7763568394002505e-15,-5.662137425588298e-15,1.489091251227103e-15,1.4885070868258844e-15,-3.563488343096792e-15,0.1247009189263104,-0.16086695027920322
1722,-4.45370682211036e-15,-1.2204902771361669e-14,-1.1289388619084372e-14,1.3004129018353906e-15,9.811822987722465e-16,1.0429328230801217e-15,2.6645352591003757e-15,-1.6653345369377348e-15,-7.771561172376096e-16,7.143729627581753e-16,3.0556835637891136e-16,2.274176742871043e-16,0.0,0.0
1723,1.37026586538639e-14,7.729791393554896e-15,7.817523462941446e-15,-9.79029364111483e-15,-5.395209458258042e-15,-6.181066971601184e-15,1.9984014443252818e-15,1.1102230246251565e-15,-1.1102230246251565e-15,-4.441647574289526e-15,-2.6766923650407625e-15,-3.1011651074041944e-15,0.0,0.0
1724,-3.329463715340965e-14,-5.284393249420558e-14,-1.449400394005542e-14,5.125272733390528e-14,-1.0884787701648675e-14,-4.348642030947226e-15,-1.2101430968414206e-14,-1.942890293094024e-14,-3.1308289294429414e-14,2.0206395329782562e-14,2.6307866422169903e-14,-3.3285559882139694e-14,0.0,0.0
1725,5.516309616282403e-14,-1.0061625691670335e-13,-8.000909412487424e-14,1.4968265229553966e-13,2.238159995618873e-14,-1.4764988830812127e-14,2.042810365310288e-14,4.04121180963557e-14,-4.440892098500626e-14,3.893621041859798e-14,-5.862699288282514e-14,-4.12600187547712e-14,0.0,0.0
1726,4.435939939695909e-14,-1.2347901276771905e-13,1.194298159031345e-13,-6.607051167701948e-14,-2.2182674421557345e-15,-7.072740221855966e-15,1.3988810110276972e-14,4.773959005888173e-14,-1.1213252548714081e-14,1.061916830259824e-13,-4.735976895323934e-14,-2.2622874308376282e-14,0.0,0.0
1727,4.747704016942007e-14,-3.583115432623642e-14,-7.871062940534865e-14,9.96073360976459e-16,4.565233556950228e-14,-1.7405747354832823e-14,1.7319479184152442e-13,3.68594044175552e-14,-6.117328865684613e-14,7.997694590347774e-14,5.733997702291628e-14,-2.7743065312579814e-14,0.0,0.0
1728,-2.7864232869756934e-14,-3.5412515035833337e-14,8.119960309864162e-14,-5.065526607688338e-14,-1.695142500488329e-14,9.664790022667212e-14,-1.3589129821411916e-13,5.329070518200751e-15,2.398081733190338e-14,-5.370446764795251e-14,-1.3410821301568698e-13,-3.8682647150710736e-14,0.12470091892631041,-0.16086695027920322
1729,1.2173701671800655e-14,-7.867373778423646e-15,-4.6666337270032736e-15,-1.2327829414707971e-14,-1.9199997035571415e-15,-4.277994802873757e-15,3.3306690738754696e-15,0.0,0.0,-7.49148529667482e-15,-4.598842351663852e-15,0.0,0.12712782982515136,-0.1610004364756732
1730,8.146717935834421e-15,-2.4410605255647145e-15,-2.4410605255648936e-15,-1.0780975348209952e-14,-3.1850761039540726e-15,1.0858359854193997e-28,9.103828801926284e-15,0.0,0.0,-5.189645005478508e-15,-3.5026872575389534e-15,0.0,0.12538544622797276,-0.16090460100050588
1731,2.679881458841026e-15,4.678282903166346e-15,4.678282903166349e-15,-3.851050118548825e-15,-4.095995166133712e-15,3.1547765340229194e-29,-9.992007221626409e-16,0.0,0.0,-1.9255250592744074e-15,-2.0479975830668504e-15,0.0,0.12647839802368782,-0.16096471609505045
1732,1.1106863733845833e-14,1.0090124842062629e-14,-1.5454276540929395e-14,-1.3486743622332907e-14,1.3998969647928549e-14,-3.0260205926425224e-14,7.771561172376096e-15,9.325873406851315e-15,-2.7533531010703882e-14,-6.650725796016008e-15,1.154751586334113e-15,-1.2112148487376291e-14,0.12526564281331992,-0.16089801151172253
1733,1.4145735010059726e-15,1.4123268053330105e-14,2.5945321936180817e-15,-9.611184680345394e-15,2.9604649448302694e-15,1.5960615936501575e-15,-8.326672684688674e-15,-2.220446049250313e-15,-6.328271240363392e-15,-4.445023696646226e-15,-4.43365416369152e-16,1.1059556772442307e-15,0.12517668345612987,-0.16089311852358795
1734,1.6997205978183738e-14,7.949638315315024e-15,1.287317258386278e-15,1.9295596912808247e-15,6.669457744580844e-15,-3.666148052617412e-15,-7.438494264988549e-15,0.0,-1.7763568394002505e-15,-6.824595830604438e-15,-4.102050519268424e-15,-1.944893580887535e-15,0.1247009189263104,-0.16086695027920317
1735,3.486871565732195e-14,1.5290117709948853e-14,1.679183358328594e-14,2.3709095090437595e-14,1.0756158806792307e-14,-1.4017008154602436e-14,-1.27675647831893e-14,8.43769498715119e-15,-3.6637359812630166e-15,-1.4960372511397484e-14,6.562952210173375e-16,-5.52110235597921e-15,0.12470091892631041,-0.16086695027920325
1736,1.8822951799939378e-14,1.4151341405937802e-15,2.447202420774927e-15,3.032003941805555e-15,-1.1459631446495012e-15,-3.2264450967013883e-16,6.439293542825908e-15,-3.3306690738754696e-15,-2.4424906541753444e-15,1.2916643081792214e-15,-1.0801300819169135e-15,-4.2232358771634774e-16,0.12670994864738386,-0.16097745196106936
1737,2.7092845703402827e-15,4.537586742553204e-14,2.206931155709269e-14,2.973865849161647e-14,2.1607314827411827e-14,2.8361508799478284e-14,-1.0547118733938987e-14,0.0,0.0,1.8552528840651235e-15,2.0755142354538223e-15,0.0,0.1247009189263104,-0.1608669502792032
1738,-1.194292625889387e-14,4.472673703218341e-15,-9.226083688119914e-16,1.197733366138665e-15,2.0453455990206008e-15,-5.610732561064887e-16,-3.774758283725532e-15,5.329070518200751e-15,-6.661338147750939e-16,-6.186809902285335e-16,3.152545346059237e-15,-2.7760406091848416e-15,0.12470091892631038,-0.1608669502792032
1739,-5.910958729690495e-15,-1.3186754820746202e-14,-1.3469802131671253e-14,1.6892359278486374e-15,8.725986640261286e-15,1.1145529124295153e-15,3.9968028886505635e-15,0.0,0.0,4.912185682508183e-16,4.394706832770158e-15,0.0,0.12470091892631038,-0.16086695027920314
1740,-1.1557049575181143e-14,-1.1676639368696172e-14,-1.6764627448040016e-14,-2.51527177207116e-15,8.949829325638759e-15,-1.472321459285934e-15,1.9984014443252818e-15,1.5543122344752192e-15,-1.4432899320127035e-15,-1.3324696647185102e-15,4.2709589469168386e-15,-7.779615328882916e-16,0.0,0.0
1741,-1.483826491226163e-14,5.052697592029811e-15,2.1288179220734114e-14,-1.2138726554105554e-14,2.1669696367877933e-14,-9.42513530807794e-16,-1.6986412276764895e-14,-1.1102230246251565e-15,4.6629367034256575e-15,-7.721260590565982e-15,6.9582077175489985e-15,-5.259901397665594e-15,0.1247009189263104,-0.1608669502792032
1742,3.245759484815584e-15,-8.68379404361862e-15,-9.086258726270836e-15,-1.3834834259554193e-15,1.3524721591855515e-14,1.991797124377695e-15,-8.881784197001252e-16,-5.440092820663267e-15,-5.88418203051333e-15,-1.7820702022483543e-15,7.891593716750838e-15,2.703559274324361e-16,0.12570398483819084,-0.16092212142432005
1743,9.549413606458583e-14,1.3921290261987272e-14,-1.202821289347772e-15,-5.1896499661459974e-14,-4.78015271437743e-14,2.935618513676719e-14,-1.4210854715202004e-14,-2.1538326677728037e-14,-4.241051954068098e-14,2.2049831244123698e-14,3.192290652316045e-14,-3.2454354856078016e-14,0.12470091892631041,-0.1608669502792032
1744,-1.1791960279974895e-14,-2.989901809058558e-14,-3.8020666494313016e-16,1.5118244087574223e-14,-2.480300845947641e-15,9.856074251882323e-15,0.0,8.881784197001252e-16,0.0,6.726028374595076e-16,1.1400476478336088e-15,1.213041328391187e-15,0.12550256332163626,-0.1609110427348861
1745,-1.1236090941800983e-15,6.941344493437677e-15,2.308475074276685e-15,-1.1440100931168293e-16,3.111756883606261e-15,-6.353966813829015e-15,-1.3322676295501878e-15,2.4424906541753444e-15,-9.992007221626409e-16,1.7606581377834107e-16,1.398657174352861e-15,-3.087515346770923e-15,0.1262228198464038,-0.16095065865322075
1746,-2.052274865670936e-14,-8.115345089221145e-15,1.3815736749627642e-14,-2.4182654988925418e-14,1.1693526159389426e-14,-1.2101263608029357e-14,-2.609024107869118e-14,-4.3298697960381105e-15,9.325873406851315e-15,-1.956562840381841e-14,2.386793880167011e-15,-7.835866468413958e-15,0.0,0.0
1747,1.2643291685698923e-15,-9.832660986085277e-16,-3.1732582317086835e-15,8.757352266358568e-15,1.8569791342547116e-15,2.385862771446834e-16,2.220446049250313e-15,0.0,0.0,4.25558285037592e-15,9.407859019593982e-16,0.0,0.0,0.0
1748,3.863358163869995e-15,1.1721689902905018e-14,5.17388716371078e-15,6.863865963609101e-15,-2.5549669572720736e-15,-7.542825351096504e-15,1.3322676295501878e-15,4.440892098500626e-15,4.440892098500626e-16,3.9058524915286765e-15,-1.403022829920701e-15,-3.5090750212982098e-15,0.0,0.0
1749,-3.0119619044377964e-15,-1.4366223556727427e-14,-1.5605313101787045e-14,5.5081561553484255e-15,4.675622761379468e-15,5.67603004301927e-16,6.439293542825908e-15,0.0,0.0,2.5156096456641885e-15,2.4421899753165497e-15,0.0,0.0,0.0
1750,6.669234537619601e-16,4.203747067644257e-15,8.947416642321162e-16,1.2835283409063566e-14,5.951644787052157e-16,7.728492280197363e-17,-1.1102230246251565e-16,0.0,0.0,6.44975507914554e-15,3.275168818536314e-16,0.0,0.0,0.0
1751,-5.47870465628177e-14,1.1052872429856067e-14,-4.525431212691917e-14,3.310471904094012e-14,-3.9563521140558884e-14,-2.304381045076804e-14,-1.199040866595169e-14,2.4424906541753444e-14,-8.659739592076221e-15,8.333108262418193e-15,-3.521640259695246e-14,-1.9345706953896347e-14,0.0,0.0
1752,-1.82098288871732e-14,1.0048423758874695e-14,1.1515878771015272e-14,-1.5304975520044106e-14,1.5295680761969808e-14,-1.486611893984924e-14,-2.1094237467877974e-14,4.6629367034256575e-15,4.440892098500626e-16,-5.280466552411901e-15,4.565811612479654e-15,-9.297542818052378e-15,0.0,0.0
1753,6.2407527313502875e-15,4.448856742896208e-15,1.2435752786480068e-14,-9.402778370750639e-15,1.4528971359457628e-14,-1.5215089443676175e-16,8.881784197001252e-16,4.440892098500626e-16,3.774758283725532e-15,-5.829368359984412e-15,6.5035352139385135e-15,-3.644311500998174e-16,0.1247009189263104,-0.1608669502792032
1754,-1.6979828054236484e-14,-3.057364040848685e-14,-9.10460090904556e-15,9.049366926078494e-15,-2.0989200524821782e-14,1.4476086657253233e-14,-2.4424906541753444e-15,-1.3322676295501878e-14,1.1102230246251565e-15,-5.241759422807285e-15,-3.358719161778335e-15,1.3870086624569943e-15,0.0,0.0
1755,2.058277779430802e-14,1.6031911265159572e-14,-1.164674971166784e-13,-3.1322337992703284e-14,-3.849305291528244e-14,-1.746172977311907e-14,7.105427357601002e-15,-1.63202784619898e-14,-8.770761894538737e-15,1.7522502229270254e-16,2.340804691165152e-15,-1.924651042328868e-14,0.12470091892631041,-0.16086695027920325
1756,1.3900508580365682e-15,2.8057796953572224e-14,-2.0880199972028558e-14,-2.3792937189465495e-14,1.1885935129348988e-14,-1.556009126235957e-14,2.220446049250313e-15,3.1086244689504383e-15,1.9984014443252818e-15,-1.06263876985235e-14,-2.0918912387778536e-15,3.539353119573929e-15,0.0,0.0
1757,8.057794845518328e-14,3.5102901476918e-14,6.955775983028132e-14,-5.9078639812903e-14,8.98241334131889e-14,-5.823641404239625e-14,-2.2648549702353193e-14,-5.218048215738236e-15,1.7763568394002505e-15,1.1346070467178668e-14,1.536206405796372e-15,-5.735205746563807e-18,0.1247009189263104,-0.1608669502792032
1758,3.561447622266638e-15,-5.547051387159885e-15,7.346056920440747e-15,-3.1621654029005563e-15,5.35977005230042e-15,-9.734660412362917e-16,1.9984014443252818e-15,-2.6645352591003757e-15,2.6645352591003757e-15,-2.0733502042755654e-15,2.5295240969998872e-15,-1.1080952804574104e-15,0.0,0.0
1759,-1.95504739090635e-15,1.2044067601559311e-14,-1.7761753736891721e-13,-1.2610400474409955e-14,-1.7792360905039666e-14,-2.649586217519812e-14,-4.551914400963142e-15,2.220446049250313e-16,1.9539925233402755e-14,2.2284504649468786e-16,-7.00346813462796e-15,1.0283919531825531e-14,0.0,0.0
1760,-7.172882248158566e-14,-5.370919785162394e-14,-2.2603061457290272e-13,-4.8049926122391285e-14,-1.0950526441561558e-13,-1.0404537973317073e-13,-7.771561172376096e-16,0.0,0.0,4.066513647230808e-15,2.5734198110849346e-15,0.0,0.0,0.0
1761,-1.62423042566003e-14,-2.148681829577718e-14,-2.234661902551114e-14,-4.504633958681113e-15,-3.659941489413808e-15,-2.2663062820440063e-14,-3.219646771412954e-15,-8.881784197001252e-16,-7.771561172376096e-16,1.5892180890301736e-15,1.967427124386358e-15,-3.787236899033669e-15,0.0,0.0
1762,-5.791179089034086e-14,-1.5858738493868738e-14,-4.086742321636267e-15,4.9444104810019917e-14,-5.964719381827633e-15,-3.225942849828637e-16,1.7763568394002505e-15,5.995204332975845e-15,-4.440892098500626e-16,5.43314211685106e-15,2.1252394645435997e-15,-2.7396619226347146e-15,0.0,0.0
1763,-3.533338670447436e-15,6.348020281111598e-15,2.193336749528579e-14,9.97726724962762e-16,2.2907964492357753e-14,-7.95671749011256e-15,-1.021405182655144e-14,0.0,0.0,4.170614357784812e-15,1.0830757879225384e-15,0.0,0.0,0.0
1764,-1.2957626809257509e-14,3.427699507898764e-14,3.213860797993957e-14,4.0222719572414625e-15,-1.1474634975767265e-14,-1.3331574097315998e-15,-2.2315482794965646e-14,0.0,0.0,3.144873771589198e-15,-5.7886659912505924e-15,0.0,0.0,0.0
1765,1.114978719904936e-14,2.5358092366013106e-14,8.678376144500208e-15,2.7462789675488908e-15,-2.894982127262672e-15,-8.058743588761933e-15,-4.107825191113079e-15,1.9984014443252818e-15,-6.8833827526759706e-15,1.1780134538357677e-15,-2.0157219078756236e-15,-3.1191400830672857e-15,0.0,0.0
1766,1.5757002402880204e-14,2.2818052336829427e-14,1.852489255431161e-14,1.620893388358584e-14,-1.116367270980173e-14,-1.3987733220172525e-15,-7.771561172376096e-16,0.0,0.0,7.810250264544427e-15,-5.539145658176562e-15,0.0,0.12470091892631041,-0.1608669502792032
1767,-5.560743638058943e-15,1.647639143527794e-14,1.447134968851192e-14,6.289506651156274e-15,-4.815296044558884e-15,-5.843628524778154e-16,-1.0103029524088925e-14,0.0,0.0,3.700228310982558e-15,-2.4239400446455964e-15,0.0,0.0,0.0
1768,-3.4728045725038006e-15,-5.972454202918029e-15,-6.903412211594559e-15,2.120781387619136e-15,5.443339967450569e-15,3.465041453257854e-15,-5.551115123125783e-16,-2.220446049250313e-15,-1.887379141862766e-15,7.064288521164025e-16,2.72240468509876e-15,1.6255919618771956e-15,0.1247009189263104,-0.1608669502792032
1769,1.3373426018234999e-14,6.632587779115843e-15,-9.441579068945257e-15,3.2918014445128284e-15,-6.751736590561529e-15,3.071611835752896e-15,-2.220446049250313e-16,-5.329070518200751e-15,-1.2323475573339238e-14,9.637210253367628e-16,-3.4106707262629006e-15,2.720114487235515e-15,0.12470091892631038,-0.1608669502792032
1770,1.811786031352554e-14,1.7810591017693806e-14,-7.968443264356408e-14,7.272055528849961e-14,-3.493747023235514e-14,-2.5837826361678255e-14,1.7319479184152442e-14,1.709743457922741e-14,-3.68594044175552e-14,1.7639726263529146e-14,-3.9487860888275666e-14,-2.428236056814961e-14,0.0,0.0
1771,3.163707172203811e-17,1.5495784714556102e-15,-2.0211556568269727e-14,-5.202065758969345e-15,7.705074128218441e-15,3.580304350079556e-15,-3.9968028886505635e-15,-5.218048215738236e-15,-1.5432100042289676e-14,-4.884665060598692e-15,5.304782886586158e-15,2.1131115457466307e-15,0.0,0.0
1772,1.3542368075924826e-14,1.448502403616368e-14,7.536264563019142e-15,3.650504688106852e-15,-3.4343816130412407e-15,-9.28206482112064e-15,1.7763568394002505e-15,8.881784197001252e-16,-3.6637359812630166e-15,1.73770765480464e-15,-2.167141831691231e-15,-4.050667500452098e-15,0.12470091892631041,-0.1608669502792032
1773,-1.1174245249719567e-15,-2.6990899824541585e-14,7.860364036562745e-15,-8.818224014537761e-15,1.4930165383864696e-15,-2.5294220961673164e-14,2.220446049250313e-16,-2.3314683517128287e-15,2.6645352591003757e-15,-2.1504436956464356e-15,-4.365233099083355e-16,-9.006418251120702e-15,0.0,0.0
1774,-3.7154079681553266e-15,-8.773801587352844e-15,-3.0336764252358657e-14,-5.065763917789932e-15,-2.1584022926012912e-14,-1.1415289729054311e-14,5.551115123125783e-15,0.0,0.0,1.2942476933364297e-15,-2.2863847925284252e-15,0.0,0.0,0.0
1775,-1.352858476433617e-14,2.5960704813626165e-14,-4.485498220216743e-14,6.434814592321324e-14,-2.6920007003906625e-14,-8.833643617468462e-15,3.552713678800501e-15,2.4646951146678475e-14,-9.547918011776346e-15,2.2637381455243118e-14,-2.406084625696412e-14,-6.3929236558417555e-15,0.0,0.0
1776,9.476439946280712e-15,1.870344587945633e-14,1.4811304957334285e-14,-4.2066425008711395e-16,-1.899284345927902e-14,-2.240355818099417e-15,-7.216449660063518e-15,-3.3306690738754696e-15,-4.773959005888173e-15,1.691349264352208e-16,-1.0398923903014076e-14,7.414295472912914e-19,0.12470091892631038,-0.1608669502792032
1777,4.212710093950875e-15,6.039958507784437e-15,6.721941242468223e-15,-1.327037930493827e-14,1.3605459489362356e-14,2.5732088533817955e-15,-3.4416913763379853e-15,-1.7763568394002505e-15,-1.3322676295501878e-15,-7.147113568904669e-15,5.537913084494578e-15,9.439276485266803e-16,0.0,0.0
1778,-6.775038052115773e-15,-4.1216295541058656e-15,-6.958423605816161e-16,-7.149057447392111e-16,1.0781153348078839e-15,-3.609387987851279e-15,8.881784197001252e-16,2.220446049250313e-15,2.886579864025407e-15,-2.84653984409694e-16,2.5536610324022074e-16,-1.899343302665964e-15,0.0,0.0
1779,-7.686820723297973e-15,-6.711669737199344e-15,2.9854986127251416e-15,2.1262969748269843e-16,3.773171836367881e-15,-7.616347696384686e-15,-7.771561172376096e-16,-1.1102230246251565e-16,3.1086244689504383e-15,1.0194381220495306e-16,1.7925535504640345e-15,-4.246047320520047e-15,0.0,0.0
1780,-3.4093181256236023e-15,-7.0234781768912686e-15,-1.6884739670914567e-14,-6.747583574016661e-15,1.2262821461378042e-14,1.8933444377254487e-15,-6.5503158452884236e-15,-2.7755575615628914e-15,-8.215650382226158e-15,-5.620672490400392e-15,7.200868350128695e-15,6.848655331591684e-16,0.0,0.0
1781,-7.154244542193086e-15,1.0480718766449966e-15,-1.1138282627466846e-15,-7.632566415125278e-15,-2.1062503752092175e-15,-3.134131748529628e-16,-5.88418203051333e-15,-1.4432899320127035e-15,-2.4424906541753444e-15,-3.459309733670634e-15,-2.082955772937186e-15,1.4149407717659574e-16,0.0,0.0
1782,-2.0489300679467843e-15,-3.816603235826825e-15,-1.828242844552456e-14,2.759820145795461e-15,8.935527066805714e-15,6.7187536937396905e-15,-1.1102230246251565e-15,0.0,0.0,1.7511521735111198e-15,3.5658582586162175e-15,0.0,0.0,0.0
1783,4.421737495487382e-15,7.188529915059975e-15,6.692821713824552e-15,1.738743446624314e-15,3.4656157419765246e-15,4.521258745763749e-16,-9.992007221626409e-16,0.0,0.0,8.875474057656696e-16,1.7980780430683863e-15,0.0,0.0,0.0
1784,-2.981491403750534e-15,-1.7963213894082645e-15,5.297791906622514e-15,2.0893697873242066e-15,6.185472026601057e-15,-6.1392630398410174e-15,-2.1094237467877974e-15,-1.3322676295501878e-15,8.881784197001252e-16,9.327058470662155e-16,3.098554925322708e-15,-3.6435164386888204e-15,0.0,0.0
1785,-5.413349245286567e-15,6.97685671967807e-15,5.532231179731951e-15,4.209394522920734e-15,-3.2094805489965553e-15,-2.958918900963151e-15,-9.992007221626409e-16,0.0,0.0,7.446508944702285e-16,3.271486428843856e-15,0.0,0.0,0.0
1786,-1.6458506739330561e-15,-9.790588864839431e-15,-1.0652734799000698e-14,3.929702063645906e-15,6.06064594213435e-15,7.266780419696839e-16,4.440892098500626e-15,0.0,0.0,1.8000787629296145e-15,3.107896555466513e-15,0.0,0.0,0.0
1787,-1.003490872734694e-15,4.768545018958706e-16,3.1307837528471466e-15,2.720094882390593e-15,7.052403272521041e-16,-3.1862631953470168e-15,-3.3306690738754696e-15,-3.219646771412954e-15,-2.55351295663786e-15,1.4196436559759604e-15,2.157561642801073e-16,-1.7696370295819684e-15,0.0,0.0
1788,8.289918515188872e-15,2.0123946799276546e-15,2.4857754575326194e-15,5.9832522606470694e-15,-4.458287154300008e-15,6.596481606156065e-16,1.3322676295501878e-15,-3.219646771412954e-15,-1.9984014443252818e-15,2.6462828476914565e-15,-2.3447804163533667e-15,5.974741336073111e-16,0.0,0.0
1789,4.604135664208065e-15,3.347695351789797e-15,1.7655765760075791e-15,6.316625190205061e-15,4.045376612458096e-15,5.22993005303004e-16,1.5543122344752192e-15,0.0,0.0,3.0658409527580577e-15,2.033853900997786e-15,0.0,0.0,0.0
1790,1.7203752500288041e-15,2.474067673868787e-15,1.7986296306003203e-15,2.57195167289506e-15,-4.1301914079356606e-15,-5.386328177674926e-16,2.220446049250313e-16,0.0,0.0,1.2993766124096763e-15,-2.0910593504382976e-15,0.0,0.0,0.0
1791,3.843814444461554e-15,3.9205004137077354e-16,1.0164756327786499e-14,-4.374341384844302e-15,4.852862598273948e-15,6.557587103771627e-19,4.440892098500626e-16,-1.2212453270876722e-15,3.1086244689504383e-15,-2.9420415757657454e-15,1.995331473104733e-15,-2.2004399131328202e-16,0.0,0.0
1792,-3.0963440550119613e-15,-5.136856810776021e-15,-1.4327922420733166e-14,3.715972618156345e-15,-3.1823521564673007e-15,-7.682722613982685e-15,6.661338147750939e-16,0.0,0.0,3.2036259915575758e-15,3.4955283885887884e-16,0.0,0.0,0.0
1793,-7.405061749766315e-15,-7.411867631432548e-15,-4.611699253498796e-15,9.521208175702461e-15,-1.7969807224767826e-14,5.3976939747483846e-15,1.5543122344752192e-15,0.0,0.0,-3.506066035427489e-15,-3.955255999155694e-15,0.0,0.1247009189263104,-0.1608669502792032
1794,3.015327722096344e-15,-1.8276396237441424e-15,4.157557171024614e-15,-4.306373883885669e-15,4.268988135068582e-15,-6.167009806022133e-16,2.886579864025407e-15,4.440892098500626e-16,2.6645352591003757e-15,-2.585742560268726e-15,1.831431703805553e-15,-5.226322194666945e-16,0.0,0.0
1795,2.1414631761325275e-15,2.7845744531525353e-15,-6.379827453765146e-15,2.314928589222537e-17,-4.621540255401484e-15,-2.4849801171952993e-15,-3.3306690738754696e-16,-2.220446049250313e-16,-5.218048215738236e-15,1.4814037178840498e-18,-2.3490943592681466e-15,-5.396990820075586e-16,0.0,0.0
1796,3.499343409899201e-15,3.2442430814610006e-15,1.5003486943049929e-15,1.0680818329206696e-14,9.880065358145598e-15,1.9732315212714454e-15,-6.661338147750939e-16,0.0,0.0,3.0600123681899166e-15,2.2790479813125724e-15,0.0,0.0,0.0
1797,-3.1326871355879725e-15,-3.8621842997414595e-15,2.995636907202333e-15,2.1117375874013067e-15,1.7718032108941071e-15,-6.500189840132958e-15,-1.2212453270876722e-15,-1.2212453270876722e-15,8.881784197001252e-16,9.395620210702618e-16,8.611528070180812e-16,-3.594797042067561e-15,0.0,0.0
1798,-1.451567463699591e-14,-1.8091234104890856e-14,-1.9245128333561046e-14,4.773461344609556e-15,-8.041964824173883e-16,-1.8117569503437294e-16,1.3322676295501878e-15,0.0,0.0,2.6879264136136867e-15,-3.7751136587015854e-16,0.0,0.0,0.0
1799,-6.022596539811389e-15,-1.0152363779257038e-14,-1.1192122174562422e-14,4.380783650820252e-15,1.2700188136817912e-15,1.4359470710276966e-16,2.4424906541753444e-15,0.0,0.0,2.1460679973809902e-15,6.169083665567187e-16,0.0,0.0,0.0
1800,-9.656572052595527e-17,-3.971599943503024e-15,-1.283167820539912e-14,2.1776678531191976e-15,-2.8002783061099266e-15,-1.5435204948056533e-15,8.881784197001252e-16,-9.992007221626409e-16,-5.440092820663267e-15,8.141964137497579e-16,-1.39258207971166e-15,-1.9883200500351684e-16,0.0,0.0
1801,-1.276033202870627e-14,7.242258667992529e-15,6.445845894811561e-15,1.5530341838432017e-15,-5.483684155092439e-15,-6.974665965974054e-16,-9.880984919163893e-15,0.0,0.0,1.5907134579876294e-15,-2.7478175800482765e-15,0.0,0.0,0.0
1802,1.0228617253173941e-14,6.23819041944088e-15,1.5808719611447153e-15,2.8588448939306056e-15,2.026280319663603e-16,2.4082412276568082e-15,0.0,-3.219646771412954e-15,-4.773959005888173e-15,9.57408990018903e-16,7.541557630645755e-17,1.4541083081849298e-15,0.0,0.0
1803,-1.9484492294839647e-15,-7.213569347935144e-16,2.7967825921074157e-16,1.0103774661174242e-15,-1.5954342357045173e-15,-2.150880219882741e-15,4.440892098500626e-16,1.1102230246251565e-15,1.5543122344752192e-15,5.073613139999851e-16,-9.17846623599042e-16,-9.496716513329576e-16,0.0,0.0
1804,-1.3716717920312122e-15,1.71760444709129e-15,2.8425567717059117e-15,4.243980405178886e-16,2.2717417132926133e-15,-1.6463631775397146e-15,0.0,1.1102230246251565e-15,1.5543122344752192e-15,3.014467106779743e-16,1.026722073154323e-15,-9.49671651332983e-16,0.0,0.0
1805,3.206444091323051e-15,4.842802819141284e-15,4.247882778167412e-15,2.206411049415106e-15,-3.184963899450973e-16,-3.6121883488944765e-17,-4.440892098500626e-16,0.0,0.0,1.0934620090876733e-15,-1.4649065368495592e-16,0.0,0.0,0.0
1806,-5.3031445450946456e-15,-5.386572644079883e-15,-6.258972319090427e-15,3.4480526928437584e-15,1.445509169211964e-15,1.7486900281324414e-16,2.220446049250313e-16,0.0,0.0,1.7877369096896778e-15,7.1028333859911395e-16,0.0,0.0,0.0
1807,-1.0870523014650535e-14,-1.0728978480781349e-14,-1.0119099762093332e-14,2.0341090392645355e-15,1.921811177253881e-16,-1.93823581749768e-15,1.1102230246251565e-15,1.1102230246251565e-15,1.5543122344752192e-15,1.2016362146019962e-15,-6.107263131496925e-17,-9.496716513329771e-16,0.0,0.0
1808,-6.3812273199771335e-15,-7.750580618042055e-15,-8.722984773797078e-15,3.855026298178821e-15,-2.4787744628790242e-15,-3.5128473845146525e-16,8.881784197001252e-16,0.0,0.0,1.9936515130116813e-15,-1.2342853581542278e-15,0.0,0.0,0.0
